csi_matrix_squeezed:
[-39.21957497 -39.02781218 -39.05601587 -39.35055954 -39.7858422
 -40.45586869 -41.14133369 -41.8923937  -42.77855766 -43.55374043
 -44.14828787 -44.58640135 -44.85547749 -44.90273811 -44.85723585
 -44.60181213 -44.28334288 -44.3313621  -45.27216447 -47.53903141
 -48.48340387 -48.92975325 -49.1129214  -49.16356972 -46.71266359
 -43.12701792 -44.17872148 -43.58652253 -39.46070921 -34.53049849
 -31.82124149 -29.16377884 -29.03924932 -29.16421558 -32.04233118
 -36.22669211 -35.21338709 -36.49532388 -39.39481884 -41.76123952
 -43.42550144 -45.46600609 -45.44055533 -45.23406407 -44.90176871
 -44.41211549 -43.79018232 -43.18070609 -42.73007698 -42.63045966
 -43.24366934 -43.25482663 -43.36904752 -43.93060726 -44.15233161
 -44.14214299 -43.9597171  -43.59003607 -43.10324042 -42.7243271
 -41.79577696 -41.58111379 -41.3048991  -40.34457633]
[-33.64498278 -33.67499252 -33.95858711 -34.53511102 -35.42496833
 -36.58301753 -37.35220367 -37.78646093 -38.27869258 -38.64734933
 -38.89550852 -38.94320001 -38.80271333 -38.39468966 -37.71197834
 -36.72402468 -36.32615199 -36.69790742 -38.17709468 -40.25568602
 -41.20174248 -41.69845735 -41.92352193 -42.0557842  -39.70925128
 -36.2064531  -37.3003435  -36.58585461 -32.23332539 -27.85869643
 -25.40955194 -22.92896564 -23.48435325 -24.14938791 -27.4525462
 -32.15039357 -31.5762542  -32.70181129 -35.39049369 -37.50639686
 -38.90311034 -40.6915742  -39.95624657 -39.12012701 -38.23053788
 -37.12432152 -35.99132086 -35.20118285 -34.91657154 -35.0405155
 -35.97309228 -37.58034363 -38.51620651 -39.05701681 -39.30917367
 -39.34624936 -39.18691205 -38.8647918  -38.40641522 -38.03644413
 -37.20195682 -35.48957888 -34.34383664 -33.5935788 ]
[-38.65684902 -38.69037843 -38.98607196 -39.59796982 -40.51317342
 -41.68857183 -42.49695812 -42.94133352 -43.43927812 -43.81588001
 -44.06301186 -44.11794508 -43.96359221 -43.54795072 -42.83003904
 -41.82084218 -41.38309257 -41.7426281  -43.26726815 -45.28486586
 -46.23419956 -46.7395788  -46.97119324 -47.02154123 -44.68599568
 -41.1769016  -42.27936158 -41.57106501 -37.1615035  -32.84666339
 -30.39451319 -27.89801582 -28.02636859 -28.51740849 -31.82075256
 -36.56084226 -36.01959542 -37.22394359 -39.9317547  -42.05432912
 -43.44904077 -45.23674815 -44.88160568 -44.26819882 -43.37791707
 -42.23120976 -41.06492626 -40.25453718 -39.94376198 -40.06345416
 -40.99574119 -42.63138178 -43.58678536 -44.10763744 -44.36525722
 -44.41199594 -44.26275937 -43.9484501  -43.49037867 -43.11602052
 -42.2874939  -40.54516145 -39.3815224  -38.65808759]
[-38.37027907 -38.32328021 -38.52168824 -38.97884486 -39.65698209
 -40.55894064 -41.3364287  -41.90440806 -42.53825614 -43.07151326
 -43.42822283 -43.66171053 -43.70783107 -43.52722165 -43.1736889
 -42.62231936 -42.3228756  -42.70693655 -44.29300386 -46.07827641
 -46.93040079 -47.34599839 -47.49561085 -47.56190519 -45.13732551
 -41.52953569 -42.53133442 -41.70477285 -37.1132323  -32.94688202
 -30.51300536 -28.00347876 -28.35736136 -28.80002896 -31.8608648
 -36.23872232 -35.33974057 -36.38649228 -38.98054955 -41.02502784
 -42.38390719 -44.15225696 -43.57648963 -42.92618906 -42.27139417
 -41.47513762 -40.64516621 -40.0767342  -39.88692499 -40.11095605
 -41.02800593 -42.34266014 -43.1652516  -43.65426379 -43.85450232
 -43.85371571 -43.69570728 -43.34737474 -42.86611547 -42.46709352
 -41.62312717 -40.22308813 -39.20886487 -38.50918985]
[-37.87367877 -37.81091974 -37.97909846 -38.41660544 -39.02772297
 -39.84508032 -40.57080193 -41.12670841 -41.75940297 -42.30232558
 -42.69602041 -42.93341804 -42.98479673 -42.82994986 -42.52493678
 -42.04250704 -41.76934782 -42.10741357 -43.48502394 -45.06583266
 -45.86869963 -46.2489617  -46.38480251 -46.34919089 -43.99314067
 -40.46444561 -41.53596308 -40.71686999 -36.40176046 -32.49847989
 -30.16352865 -27.75516778 -27.73706572 -28.01929853 -30.93609405
 -35.19017068 -34.29613289 -35.5870129  -38.36285763 -40.56174503
 -42.05505878 -43.92267369 -43.83997335 -43.54434118 -43.05434257
 -42.39702173 -41.59304182 -40.89988566 -40.53664534 -40.60641156
 -41.43691723 -42.85320649 -43.67377548 -44.1483504  -44.3221311
 -44.28377098 -44.0559999  -43.67171626 -43.1530965  -42.70032221
 -41.82849496 -40.20236739 -39.07754362 -38.27311885]
[-38.12119334 -38.05588903 -38.20844366 -38.63062151 -39.21821967
 -40.01865837 -40.75527106 -41.33899063 -42.00369374 -42.56053762
 -42.97366453 -43.21456836 -43.29404723 -43.14117401 -42.86779713
 -42.40779727 -42.10314426 -42.42750529 -43.72797849 -45.52476447
 -46.36898647 -46.78085538 -46.93588792 -46.93353953 -44.54512067
 -40.99136644 -42.04975546 -41.23880862 -36.95489907 -32.76568822
 -30.34364835 -27.86991465 -27.81889167 -28.0853045  -31.05175738
 -35.37293211 -34.52750638 -35.85118854 -38.66068794 -40.89634221
 -42.42167569 -44.32115084 -44.23787524 -43.93081847 -43.42982998
 -42.74154379 -41.91036236 -41.18223409 -40.80029871 -40.84190611
 -41.66103277 -43.21097205 -44.09979463 -44.5616565  -44.74098614
 -44.7120296  -44.49552153 -44.11583246 -43.61089401 -43.18189706
 -42.34119759 -40.57289281 -39.35971341 -38.58976286]
[-39.4365812  -39.34039126 -39.4826392  -39.90142909 -40.52315486
 -41.50974955 -42.59780436 -43.50270949 -44.33788921 -45.02423773
 -45.54069948 -45.86333692 -45.99588731 -45.9064132  -45.64491657
 -45.04360982 -44.35426138 -44.43371592 -45.78523198 -47.43113126
 -48.17635671 -48.51797464 -48.62342349 -48.56499733 -46.10704256
 -42.47682321 -43.46902681 -42.60892404 -38.05860394 -33.877468
 -31.43344962 -28.93266024 -28.9469765  -29.29525434 -32.41544403
 -36.97956375 -36.53543301 -38.12392687 -41.19068701 -43.58049525
 -45.22852037 -47.22209913 -47.13463586 -46.79698528 -46.21811833
 -45.36337272 -44.23781144 -43.20405638 -42.6365146  -42.61066406
 -43.49959313 -44.57397849 -45.428763   -45.87188637 -46.00702156
 -45.94333921 -45.67423952 -45.2561111  -44.69830226 -44.19182705
 -43.13819318 -41.82115084 -40.57871838 -39.75130745]
[-39.44356777 -39.39803134 -39.60795865 -40.13885981 -40.89964855
 -42.08344605 -43.17014756 -43.91594424 -44.65245947 -45.24330395
 -45.67363675 -45.9446896  -46.01673893 -45.82306859 -45.44958311
 -44.6844275  -44.16146426 -44.64080732 -47.31501338 -48.43272379
 -48.9862276  -49.19366125 -49.18800548 -49.05363167 -46.5593256
 -42.85866251 -41.81450427 -40.50144142 -34.58932871 -31.09243932
 -28.92656676 -26.59826372 -26.77954746 -27.240092   -30.37431743
 -34.92718379 -36.51194653 -37.93164383 -40.84787653 -43.15638734
 -44.73127578 -46.67973226 -46.54232598 -46.16949705 -45.58568238
 -44.77886247 -43.77898041 -42.99303038 -42.69987507 -42.95232661
 -42.7199934  -44.06599794 -44.68585279 -44.97628704 -45.01087626
 -44.84402592 -44.49478383 -43.96031733 -43.2460684  -42.52693622
 -42.61480269 -40.9485159  -39.94294708 -39.28415821]
[-38.3684078  -38.34609379 -38.55788122 -39.05686679 -39.81158597
 -40.98770776 -42.03005588 -42.76854099 -43.49501929 -44.07412079
 -44.50698252 -44.76624545 -44.85292282 -44.68214259 -44.32652492
 -43.58388923 -43.11286134 -43.5723372  -46.76329679 -47.84928763
 -48.39791766 -48.59943275 -48.57756524 -48.5114263  -46.01151955
 -42.30468623 -43.16777231 -42.15585044 -35.69390442 -32.24121292
 -30.08789707 -27.77058982 -28.33729418 -28.91835515 -32.05739447
 -36.60640709 -36.03287751 -37.38369869 -40.25582471 -42.53770305
 -44.10372228 -46.04542758 -45.55700138 -45.0031084  -44.414862
 -43.61019352 -42.64221547 -41.86641106 -41.61518561 -41.89912885
 -41.67820976 -42.96938632 -43.57942217 -43.86539943 -43.88290965
 -43.71200301 -43.35416982 -42.82224443 -42.10443998 -41.39376043
 -41.46555161 -39.8593259  -38.86878101 -38.22508358]
[-39.42088078 -39.38555524 -39.58844684 -40.14361916 -40.8888803
 -42.06925051 -43.13205005 -43.86015317 -44.58396464 -45.16131623
 -45.58569983 -45.84690969 -45.9292815  -45.71270705 -45.35297894
 -44.59184003 -44.09212617 -44.56731052 -48.29170315 -49.39163106
 -49.92394045 -50.1238562  -50.110798   -50.02559463 -47.53063717
 -43.83006866 -44.69881078 -43.72818466 -36.67570651 -33.21402774
 -31.07446025 -28.76072402 -29.19784983 -29.74393428 -32.8970672
 -37.46437209 -36.88138832 -38.22458187 -41.10075164 -43.36339611
 -44.92288036 -46.86550749 -46.49231816 -45.99500293 -45.40156421
 -44.58219213 -43.61929712 -42.85977075 -42.5995287  -42.90962577
 -42.68995694 -44.02901309 -44.62688238 -44.88998378 -44.90905317
 -44.72553438 -44.38296009 -43.85057957 -43.129741   -42.40173497
 -42.47917094 -40.81239351 -39.83132622 -39.2057691 ]
[-39.34103728 -39.33095991 -39.55971287 -40.05698676 -40.84931274
 -42.03972239 -43.07406747 -43.77134523 -44.48841932 -45.05571313
 -45.48286259 -45.71588393 -45.76042416 -45.58764609 -45.18580998
 -44.39918812 -43.92558017 -44.50517731 -47.52439092 -48.63463411
 -49.17426751 -49.37283143 -49.36964995 -49.28355033 -46.79713753
 -43.11610104 -43.99630947 -42.88544104 -36.62151161 -33.16005819
 -31.02647292 -28.73774513 -29.34313354 -29.96435375 -33.11264051
 -37.66721901 -37.06843831 -38.35753943 -41.1961828  -43.42087385
 -44.95438904 -46.86683751 -46.32872042 -45.75547761 -45.13688727
 -44.30517515 -43.35530608 -42.6368541  -42.42423864 -42.77618161
 -42.56559473 -43.83511641 -44.44781694 -44.71796101 -44.75332851
 -44.59383747 -44.22628364 -43.68610682 -42.96035869 -42.21655945
 -42.29203737 -40.72634491 -39.75294443 -39.12691489]
[-33.89269227 -34.42442047 -35.04362505 -35.84930626 -36.82945969
 -38.23200196 -41.30366017 -42.15488876 -42.9421494  -43.57658693
 -44.01390571 -44.34215152 -44.45702781 -44.33410592 -44.02231774
 -43.28342976 -42.62589156 -43.09446655 -45.306219   -46.29823147
 -46.7832046  -46.9171861  -46.85516414 -46.6949699  -44.27038142
 -40.63287503 -41.55969471 -40.31904041 -34.9682055  -31.67574842
 -29.66878747 -27.47923524 -27.77391638 -28.22981489 -31.16532361
 -35.50435204 -34.78995112 -36.24948479 -39.16509008 -41.45973695
 -43.03027439 -44.97431379 -44.83662613 -44.53457612 -44.11026018
 -43.47008489 -42.59718417 -41.81096759 -41.48804367 -41.79216399
 -41.52952986 -42.69158799 -43.19726249 -43.40961323 -43.36988401
 -43.13482573 -42.7480584  -42.16048723 -41.38868401 -40.55811304
 -40.57695924 -39.01653666 -38.07327126 -37.44148191]
[-35.81776405 -36.42928901 -37.10615438 -38.00718232 -39.09862955
 -40.69270628 -43.86092534 -44.58201972 -45.26519376 -45.78325717
 -46.17035468 -46.34915477 -46.33728838 -46.05267806 -45.52294019
 -44.43121235 -43.62453286 -43.92253746 -44.58474164 -45.93903122
 -46.62197723 -46.9483143  -47.03494208 -47.03804949 -44.61501239
 -41.01018569 -41.98958582 -40.89930869 -37.25683241 -33.53326829
 -31.25351502 -28.85980568 -29.57341898 -30.33104718 -33.71623988
 -38.61346982 -38.36374229 -39.65695073 -42.5075939  -44.7631732
 -46.28146515 -48.17303114 -47.45594419 -46.66839576 -45.8011834
 -44.61662297 -43.2954348  -42.37644462 -42.05920409 -42.21307381
 -43.39242321 -45.06653713 -45.87880446 -46.28551236 -46.44263827
 -46.39443852 -46.13222049 -45.70825064 -45.12453807 -44.59711213
 -43.40996747 -41.50475084 -40.3926747  -39.70652093]
[-38.50692423 -38.46163947 -38.66145553 -39.15814026 -39.91487304
 -41.10307349 -42.21768495 -42.88605334 -43.5385832  -44.05795989
 -44.37536088 -44.57290674 -44.56610191 -44.30385226 -43.81153981
 -42.88585844 -42.18190241 -42.3572702  -43.64959521 -45.81828583
 -46.75964176 -47.20288683 -47.39422386 -47.48964202 -45.1146845
 -41.56868349 -42.63920158 -41.92279466 -37.61822968 -33.02052317
 -30.51317221 -27.99598934 -28.45344811 -29.09470621 -32.51285509
 -37.39141595 -37.02809976 -38.19535515 -40.95332303 -43.11345664
 -44.55490005 -46.38628128 -45.75747666 -44.97012591 -44.02963729
 -42.81409124 -41.52412129 -40.68078383 -40.35027151 -40.53325158
 -41.6383615  -43.84487667 -44.79032996 -45.29330576 -45.50496853
 -45.49675899 -45.34092091 -45.00734266 -44.51956124 -44.06594179
 -43.09947842 -40.69098283 -39.50551046 -38.77406354]
[-38.52250113 -38.48325668 -38.68273143 -39.16021016 -39.89659917
 -41.013986   -42.03420435 -42.6695936  -43.30210937 -43.79545183
 -44.11619444 -44.28719326 -44.26852899 -43.99913584 -43.51414573
 -42.50088    -41.87229266 -42.07200034 -43.251867   -45.51544992
 -46.47777907 -46.97114943 -47.18522238 -47.2642712  -44.90084323
 -41.51581715 -40.52159183 -39.57446869 -35.41969863 -30.73795216
 -28.20930687 -25.66100114 -25.89212747 -26.47285909 -29.85848716
 -34.69945538 -36.56658289 -37.74881914 -40.47787585 -42.63430505
 -44.06215106 -45.88197057 -45.4428018  -44.73181276 -43.80070938
 -42.60248989 -41.37964841 -40.5695282  -40.26955481 -40.41135678
 -41.43149012 -43.55172682 -44.52319995 -45.09202856 -45.33737023
 -45.36840681 -45.22532037 -44.88880969 -44.40261702 -43.99432333
 -43.12859623 -40.84510365 -39.64628314 -38.85331396]
[-38.38037605 -38.2887362  -38.44705269 -38.9037019  -39.52493827
 -40.44547055 -41.36192333 -42.02073394 -42.7222606  -43.30690164
 -43.72656053 -43.98147758 -44.04126436 -43.88224816 -43.56000484
 -42.97190232 -42.48823599 -42.73464149 -44.2544643  -45.82639134
 -46.59532351 -46.9481121  -47.06319604 -46.9946823  -44.59714438
 -41.02032432 -42.04934429 -41.21830505 -36.60763256 -32.61743159
 -30.2430246  -27.80767654 -27.8692246  -28.27279985 -31.41691261
 -35.94472082 -35.29737412 -36.58140149 -39.35966488 -41.56234751
 -43.03818012 -44.90701896 -44.73085055 -44.32341971 -43.6571269
 -42.78435204 -41.799399   -41.06417887 -40.76371461 -40.91956953
 -41.96194288 -43.9035744  -44.84507769 -45.33231408 -45.54922436
 -45.54635807 -45.34509488 -44.96802298 -44.44334415 -43.94643705
 -42.99808339 -40.86107325 -39.64794941 -38.8800777 ]
[-39.74963966 -39.67790176 -39.84157264 -40.20856895 -40.85576566
 -41.8374417  -42.86850811 -43.59188183 -44.31324342 -44.88181937
 -45.30007508 -45.52814592 -45.56816187 -45.43434262 -45.05797921
 -44.35535135 -43.66725397 -43.7116414  -44.80881499 -47.28172642
 -48.26087082 -48.74459198 -48.9538363  -48.99875554 -46.60187443
 -43.04447846 -44.13192374 -43.5317499  -39.33364367 -34.30550402
 -31.66239286 -29.05752681 -29.15750463 -29.62326992 -32.93282772
 -37.65082182 -37.14059974 -38.42555147 -41.23303787 -43.44732
 -44.94279337 -46.83404418 -46.51844985 -45.95519767 -45.15053021
 -44.11270073 -42.99770465 -42.14816838 -41.78347537 -41.84585672
 -42.70872572 -42.90124937 -44.09312949 -44.66755188 -44.97483148
 -45.04738959 -44.90803488 -44.61906938 -44.18104171 -43.81664475
 -42.91995404 -42.80606299 -41.35280643 -40.54625205]
[-32.67810547 -32.60746075 -32.77434535 -33.23039424 -33.90918933
 -34.94730381 -36.01091793 -36.71109227 -37.42207749 -37.99383003
 -38.39731745 -38.62043771 -38.64561476 -38.43815196 -38.02483733
 -37.2521439  -36.53825956 -36.62393268 -37.8045809  -39.9041856
 -40.81645171 -41.27586884 -41.48313138 -41.59521951 -39.1980989
 -35.650868   -36.72931526 -36.06439826 -31.79560851 -27.19193226
 -24.62873665 -22.05629555 -22.5590061  -23.17431246 -26.52256296
 -31.2722917  -30.78079298 -31.97931283 -34.79154992 -37.00287138
 -38.50429349 -40.39141886 -39.73649657 -38.97494287 -38.13518094
 -37.05774072 -35.92288834 -35.09968771 -34.72927102 -34.79640996
 -35.65012021 -35.90403732 -37.06651837 -37.67535041 -37.96565499
 -38.02926136 -37.88796557 -37.57934356 -37.13658256 -36.78225185
 -35.89260602 -35.71192351 -34.28505096 -33.41930439]
[-34.4046071  -35.0408662  -35.74233643 -36.6675122  -37.80682124
 -39.44279971 -42.47117424 -43.14907982 -43.82521182 -44.33809445
 -44.72526444 -44.89961595 -44.88530011 -44.58803363 -44.04776076
 -42.9510769  -42.30276765 -42.74743158 -45.52871398 -46.72343973
 -47.29560933 -47.54061258 -47.5632007  -47.51524429 -45.09325695
 -41.48155119 -42.4424256  -41.46370964 -35.53425796 -32.04973466
 -29.94001923 -27.67062215 -28.36123586 -29.06456952 -32.26613188
 -36.97018586 -36.64828478 -38.02654087 -40.9078458  -43.16376598
 -44.68984541 -46.59485081 -45.99579079 -45.35291101 -44.67137638
 -43.67925852 -42.45660602 -41.56124416 -41.27006026 -41.55529416
 -41.33051901 -42.6271033  -43.25644113 -43.5393172  -43.58182
 -43.42258429 -43.05497692 -42.52624358 -41.81745129 -41.087705
 -41.17364135 -39.56946747 -38.5719368  -37.93034635]
[-34.49731286 -35.12800973 -35.8390154  -36.81116786 -37.99012475
 -39.83295409 -42.95823865 -43.69833143 -44.39036654 -44.93393546
 -45.30975202 -45.52262962 -45.52191004 -45.22178849 -44.66475771
 -43.39249188 -42.70834972 -43.19263042 -46.62404148 -47.7201738
 -48.27726125 -48.48118208 -48.46751407 -48.31011068 -45.85478588
 -42.19343413 -43.0932314  -42.06925685 -35.38051084 -31.97085927
 -29.86310007 -27.58989888 -27.88260856 -28.47632642 -31.71501085
 -36.45346461 -36.22604653 -37.66998153 -40.56290828 -42.83164851
 -44.35543172 -46.26620941 -46.03531919 -45.57023819 -44.86274704
 -43.85530276 -42.55700727 -41.66035703 -41.38482183 -41.71719008
 -41.49861777 -42.67755119 -43.23322751 -43.46883525 -43.46625525
 -43.27660786 -42.90464948 -42.34329421 -41.60453279 -40.81502433
 -40.86637412 -39.36369854 -38.4380238  -37.82940879]
[-34.33720055 -34.96635422 -35.67776758 -36.61431332 -37.77408366
 -39.69919365 -42.90256382 -43.67242843 -44.4072819  -44.95956622
 -45.3589767  -45.58913719 -45.62107083 -45.34958344 -44.84413934
 -43.523444   -42.7819802  -43.28604004 -45.77850534 -46.83296929
 -47.33947936 -47.52246334 -47.48568994 -47.34095947 -44.8714258
 -41.19825152 -42.07728482 -40.89701472 -35.24527828 -31.89272877
 -29.83234495 -27.58249441 -27.87216026 -28.45120528 -31.67233626
 -36.41783231 -36.14999979 -37.55232743 -40.38452881 -42.59503332
 -44.08201944 -45.95108187 -45.69925765 -45.18916155 -44.46433771
 -43.41688549 -42.12164501 -41.24471519 -41.01396691 -41.38413769
 -41.18038541 -42.26145533 -42.7792806  -42.99878691 -42.98816065
 -42.79218957 -42.41588717 -41.84543551 -41.07866108 -40.2989496
 -40.31690509 -38.91948874 -38.02729382 -37.47959907]
[-38.06560559 -38.02566437 -38.24641887 -38.76391554 -39.48625546
 -40.51593158 -41.44558632 -42.10829467 -42.77921112 -43.33710768
 -43.71113437 -43.95383623 -43.97775103 -43.78199211 -43.39045829
 -42.71906762 -42.29157998 -42.72291771 -44.33221054 -45.5721181
 -46.22698743 -46.48559892 -46.53057726 -46.40714215 -44.00254757
 -40.40440747 -41.39519191 -40.33853712 -35.7065049  -32.14850781
 -29.96027596 -27.6443918  -27.78356759 -28.20611744 -31.25985181
 -35.65498733 -34.85761786 -36.05967181 -38.76973027 -40.88865207
 -42.30911002 -44.1334386  -43.94777048 -43.57238969 -42.97289988
 -42.21925135 -41.37347552 -40.79109437 -40.61216755 -40.97985199
 -42.31485044 -43.62732804 -44.29334643 -44.6232265  -44.71007651
 -44.59038898 -44.298833   -43.81479938 -43.16207756 -42.48063608
 -41.10506258 -39.57267089 -38.60934357 -37.95383526]
[-38.03179014 -38.0037462  -38.20899687 -38.69625578 -39.40950985
 -40.4309091  -41.32947534 -41.97942714 -42.66612264 -43.22020677
 -43.63179582 -43.85685624 -43.91009209 -43.71540687 -43.35239011
 -42.69803392 -42.31093699 -42.70470173 -44.26838618 -45.46943586
 -46.08794596 -46.35433513 -46.39210349 -46.3627046  -43.94450972
 -40.34526013 -41.32874072 -40.30967661 -35.72810987 -32.21123553
 -30.03802996 -27.72890193 -28.27766254 -28.86143402 -31.90935439
 -36.09238383 -35.28238342 -36.46034128 -39.13675776 -41.29551667
 -42.72597955 -44.54840478 -43.99253649 -43.37257658 -42.77240445
 -42.20879418 -41.3678333  -40.76510257 -40.63512208 -40.91388971
 -42.17481893 -43.42524621 -44.08771547 -44.42012116 -44.50470799
 -44.38841507 -44.08143993 -43.58446399 -42.91242114 -42.28877074
 -40.96309077 -39.4929277  -38.51257478 -37.89056589]
[-71.71376967 -71.53423874 -71.26205746 -70.96586164 -70.64197592
 -70.33929398 -70.07000778 -69.36723477 -68.93168367 -68.6778742
 -68.46987306 -68.44523767 -68.83807285 -69.45352603 -70.37948078
 -71.59649    -72.46902473 -73.13018181 -73.55403402 -73.7883058
 -73.8886209  -73.81460241 -73.47082071 -73.01511403 -69.85402661
 -65.37215801 -66.14450977 -65.2595693  -62.41863055 -60.19291674
 -58.60742058 -56.46763853 -57.06069388 -57.71600867 -61.19545105
 -65.86103829 -64.957765   -65.80727844 -68.30373242 -70.29024072
 -71.59865955 -73.37400239 -72.61473815 -71.75879737 -70.8384713
 -69.95685358 -69.25363987 -68.84488215 -68.79016893 -68.93019593
 -69.26335002 -69.560341   -69.69496146 -69.74367673 -69.62466331
 -69.40417044 -69.14652074 -68.84724722 -68.55038133 -68.57004395
 -68.17584492 -67.8084074  -67.6080992  -67.49019338]
[-71.95595715 -71.91928802 -71.96056224 -72.00677221 -72.08761937
 -72.21185072 -72.24692535 -72.52803828 -72.78423722 -73.06957457
 -73.33228233 -73.63705691 -73.89258027 -74.27180256 -74.56131423
 -74.85094537 -75.04790301 -75.28692686 -75.56485811 -75.9029747
 -76.15769825 -76.41831253 -76.81015536 -76.98915528 -74.30581064
 -70.58712382 -69.88694816 -69.13296378 -66.2540374  -63.72142155
 -61.76553811 -59.227278   -58.93751801 -58.69129885 -61.67541989
 -65.77361142 -66.57681734 -67.56261237 -70.11124047 -72.13017885
 -73.65332779 -75.66190128 -75.48565633 -75.37259697 -75.22774324
 -74.97014472 -74.72036915 -74.3193252  -73.91542214 -73.61959418
 -73.2796485  -72.95053859 -72.62544578 -72.26386441 -71.89971984
 -71.61835373 -71.33196303 -71.17015071 -71.05338702 -70.91696948
 -70.83134142 -70.76774339 -70.72589931 -70.68853512]
[-71.76859881 -71.64139083 -71.35217647 -71.03927683 -70.73062215
 -70.40595994 -70.11574198 -69.41407545 -68.9771109  -68.64168651
 -68.46673944 -68.44765803 -68.78276266 -69.47251019 -70.43460584
 -71.49518082 -72.33060965 -73.05195711 -73.51056473 -73.77017969
 -73.82945111 -73.68994785 -73.40147703 -72.83955359 -69.62125547
 -65.30891649 -66.11867428 -65.21316    -62.34855051 -60.11509742
 -58.53733503 -56.4231461  -57.0271284  -57.76343929 -61.24860982
 -65.92400516 -65.03957624 -65.89710661 -68.40926018 -70.40532754
 -71.75115068 -73.53055573 -72.77066482 -71.86987023 -70.93357172
 -70.04333507 -69.32574704 -68.94411096 -68.88473316 -68.96969061
 -69.23007653 -69.46936817 -69.62658031 -69.6767932  -69.60209214
 -69.41976844 -69.15519432 -68.8082237  -68.47653092 -68.5265395
 -68.16682235 -67.86532878 -67.63290699 -67.53035792]
[-71.73086204 -71.5371841  -71.34121152 -71.00947537 -70.68455775
 -70.33930749 -70.01017398 -69.24201839 -68.80526605 -68.57049711
 -68.46863261 -68.46817579 -68.7681922  -69.54487561 -69.73819935
 -70.96845691 -71.82759746 -72.57953984 -73.05178305 -73.25315855
 -73.20300607 -73.08397239 -72.72713724 -72.07033376 -69.63843728
 -65.18162303 -65.99168877 -65.08273499 -62.21507113 -60.00125156
 -58.45155935 -56.34245305 -56.92111106 -57.61435542 -61.09385994
 -65.7737889  -64.89817948 -65.7585331  -68.28479883 -70.2656534
 -71.60492399 -73.40053624 -72.71088809 -71.86133441 -70.95672071
 -70.06477708 -69.38176081 -69.01800664 -68.94500846 -69.06688653
 -69.35821026 -69.61978751 -69.79291171 -69.85689671 -69.75804851
 -69.55877012 -69.2519218  -68.88386344 -68.56878532 -68.58382946
 -68.20336882 -67.85831147 -67.60380293 -67.49283106]
[-71.9955051  -71.88557259 -71.66222147 -71.34305612 -70.98639385
 -70.64076751 -70.27638166 -69.60715723 -69.11911513 -68.82791153
 -68.57783142 -68.55972023 -68.79006739 -69.55449025 -70.38050793
 -71.41618155 -72.16776034 -72.91308124 -73.3796571  -73.56803001
 -73.64032894 -73.50068464 -73.15395507 -72.44494374 -69.37543704
 -65.0832708  -65.99865671 -65.00793405 -62.17654883 -59.9764099
 -58.41986562 -56.26789826 -57.08746251 -57.92536237 -61.50810724
 -66.2076226  -65.33546575 -66.14082136 -68.67497136 -70.68528076
 -72.0435551  -73.85028327 -72.98866954 -72.04364982 -71.03861169
 -70.1333672  -69.44171314 -69.069908   -68.9586147  -69.00916237
 -69.2612381  -69.48434503 -69.63690673 -69.73750529 -69.6667093
 -69.50330515 -69.22753068 -68.9002219  -68.63936796 -68.71765525
 -68.3747004  -68.08541296 -67.89135074 -67.74659232]
[-37.99172247 -37.96300307 -38.19451492 -38.71443466 -39.44958352
 -40.46301596 -41.35195669 -42.0053851  -42.68286576 -43.23037681
 -43.61845686 -43.84750686 -43.85948442 -43.64760929 -43.24024933
 -42.58156347 -42.21002872 -42.61538243 -44.20558137 -45.48557865
 -46.10726132 -46.37510545 -46.41906485 -46.36441026 -43.96873521
 -40.37781363 -41.36110696 -40.34972478 -35.74331931 -32.15192985
 -29.99625538 -27.6860233  -28.27072599 -28.88131368 -31.94698237
 -36.36643309 -35.55755537 -36.68189414 -39.35451823 -41.4440951
 -42.85474561 -44.66124656 -44.07037945 -43.4544676  -42.8299849
 -42.03775797 -41.18639074 -40.59202986 -40.43038165 -40.77730009
 -42.05437515 -43.35457911 -44.03353781 -44.75968276 -44.85333365
 -44.74410261 -44.44520258 -43.97209901 -43.33574438 -42.69913849
 -41.42308565 -39.96805788 -39.06546675 -37.86201191]
[-33.81513547 -34.40569039 -35.05745881 -35.88551192 -36.93978997
 -38.40186698 -41.44516958 -42.2558293  -43.03694374 -43.64140933
 -44.10928157 -44.36766865 -44.44637006 -44.3025786  -43.90326424
 -43.08068817 -42.44293506 -42.91649506 -44.79936701 -45.73061549
 -46.1896966  -46.33964904 -46.27897062 -46.06244515 -43.65591028
 -40.0323844  -39.05928957 -37.60489624 -32.63662311 -29.42641307
 -27.44489735 -25.28557573 -25.43463184 -25.88077464 -28.81791293
 -33.21273261 -34.67421716 -36.14298446 -39.00328509 -41.21583913
 -42.71113374 -44.58082965 -44.5261192  -44.25180673 -43.77226615
 -43.03771157 -42.10030405 -41.31693035 -41.08683483 -41.47964502
 -41.25347876 -42.24291817 -42.73030805 -42.92952579 -42.89761916
 -42.6745152  -42.24051778 -41.62878963 -40.80215588 -39.93334041
 -39.92489505 -38.59059207 -37.70116258 -37.09418099]
[-38.52436255 -38.41983958 -38.55756294 -38.98916691 -39.57342304
 -40.43071164 -41.23943707 -41.85692451 -42.53646838 -43.11867464
 -43.51074574 -43.78911191 -43.87295983 -43.72024433 -43.43409948
 -42.91181197 -42.51083149 -42.75578507 -43.9600917  -45.73651485
 -46.63092689 -47.06783598 -47.25507595 -47.2770989  -44.86846139
 -41.2844847  -40.42037498 -39.43396893 -35.1915766  -30.97091163
 -28.45424341 -25.89225625 -25.90908456 -26.2623228  -29.42660959
 -33.92313988 -35.28474303 -36.47780073 -39.17773369 -41.31360091
 -42.75658008 -44.59633488 -44.34787224 -43.8747507  -43.17973961
 -42.32975035 -41.42336977 -40.76715471 -40.52176494 -40.70951772
 -41.6621604  -43.28860915 -44.17486994 -44.69577998 -44.90563062
 -45.09303842 -44.93516731 -44.56839112 -44.0707363  -43.64302221
 -42.79686793 -41.06471036 -39.98478067 -39.25549438]
[-38.4541069  -38.38276715 -38.5306633  -38.92392977 -39.51790896
 -40.32842715 -41.10973247 -41.73318954 -42.42056001 -42.9950644
 -43.43461348 -43.68742945 -43.76281259 -43.64333378 -43.358911
 -42.87169277 -42.48943476 -42.71742793 -43.97926225 -45.85768058
 -46.73439021 -47.17114309 -47.34624465 -47.44895525 -45.03637716
 -41.46966152 -40.61231251 -39.67214212 -35.36635812 -31.02528728
 -28.5104699  -25.96273885 -26.48462913 -26.98490155 -30.11478275
 -34.59299192 -35.94371956 -37.06560018 -39.76567015 -41.91106517
 -43.34691018 -45.19051624 -44.50154532 -43.81057461 -43.13568183
 -42.2919939  -41.40495324 -40.75964359 -40.53187882 -40.706941
 -41.68196184 -43.24497002 -44.17769515 -44.66435022 -44.90400584
 -44.92175568 -44.72104954 -44.361331   -43.85167472 -43.42008539
 -42.53221317 -40.84144984 -39.66773671 -38.95095811]
[-38.41170667 -38.33333892 -38.48195245 -38.86841213 -39.44765263
 -40.26322061 -41.0337338  -41.65323908 -42.35592681 -42.92847672
 -43.38358472 -43.6423306  -43.72115577 -43.595594   -43.32244207
 -42.83777607 -42.4728824  -42.72700449 -43.92247361 -45.78600362
 -46.64517579 -47.07042533 -47.24401246 -47.27345379 -44.86821166
 -41.30070985 -42.34244218 -41.57398569 -37.33340956 -33.01636347
 -30.51159695 -27.97922203 -28.06060635 -28.44215475 -31.5599855
 -36.03000757 -35.24419635 -36.42909259 -39.1204309  -41.22476343
 -42.66541814 -44.50352486 -44.20845    -43.70399321 -43.03840282
 -42.19971036 -41.32020031 -40.6752815  -40.45282125 -40.6396896
 -41.59579077 -43.13488049 -44.0690028  -44.57887946 -44.81494347
 -44.83506814 -44.63962466 -44.28024597 -43.76920665 -43.3632
 -42.48491801 -40.82527718 -39.65450392 -38.91349462]
[-39.29183529 -39.22759594 -39.41417782 -39.82311539 -40.52548996
 -41.64209598 -42.81253268 -43.68067143 -44.51310499 -45.17134983
 -45.65442596 -45.96797289 -46.07873837 -45.99921089 -45.68815249
 -44.99553264 -44.30794777 -44.55570556 -46.05885925 -47.13636809
 -47.67345582 -47.8652102  -47.844789   -47.70892111 -45.03231504
 -41.16218019 -39.97466158 -38.60500873 -33.69248205 -29.95994805
 -27.55439011 -24.99893157 -25.14747318 -25.54169069 -28.80741416
 -33.49713264 -35.21553666 -36.69468205 -39.74910271 -42.19799916
 -43.9111337  -45.99924713 -45.82383875 -45.45660117 -44.89860112
 -44.10500425 -43.12881728 -42.3504296  -42.06839808 -42.2993758
 -43.40632447 -44.45970273 -45.0289826  -45.29931017 -45.34206616
 -45.18997003 -44.8662967  -44.36252575 -43.66911086 -43.00830364
 -41.73464661 -40.40457714 -39.50341656 -38.90222229]
[-33.94032759 -34.47957902 -35.07968886 -35.82694295 -36.74956718
 -38.01583085 -41.19883086 -42.22262467 -43.15900232 -43.89697811
 -44.44786254 -44.81890309 -45.01138652 -44.98089491 -44.75161123
 -44.15196153 -43.34451095 -43.43521652 -44.81370824 -45.95561226
 -46.51252435 -46.73300109 -46.72286292 -46.59708815 -44.14401357
 -40.51154253 -41.47693279 -40.43907683 -35.84819781 -32.25464101
 -30.05096182 -27.70745218 -27.79292614 -28.14179259 -31.13142027
 -35.547836   -34.86660168 -36.27708397 -39.10426002 -41.35237771
 -42.84864736 -44.71461975 -44.56717925 -44.20507559 -43.65336964
 -42.8579013  -41.87672839 -41.04639591 -40.71366228 -40.84330212
 -41.85833079 -42.94129688 -43.52574175 -43.8009434  -43.848165
 -43.70521382 -43.39026842 -42.89276783 -42.22644572 -41.62622001
 -40.42663287 -39.0438611  -38.10111127 -37.49032385]
[-35.6095909  -36.18528733 -36.84591424 -37.70839732 -38.75320227
 -40.37808877 -44.33916639 -45.33243106 -46.1863127  -46.85662864
 -47.33445397 -47.67293277 -47.80895581 -47.6654395  -47.3118167
 -46.34830757 -44.8810994  -45.12733226 -47.33435935 -48.48128795
 -49.04267475 -49.24538543 -49.23144344 -49.1377133  -46.61022275
 -42.88071538 -43.72778562 -42.60609596 -37.08969259 -33.48261874
 -31.24408989 -28.85712187 -29.14365424 -29.58973276 -32.71198712
 -37.28486044 -36.89621115 -38.58435304 -41.71989563 -44.15260598
 -45.82691305 -47.84628224 -47.60743986 -47.18918454 -46.63055341
 -45.79972066 -44.64075011 -43.49858632 -42.90718243 -42.90480988
 -43.90349367 -45.40231942 -46.06898681 -46.38805497 -46.44200773
 -46.30130753 -46.00906727 -45.53237116 -44.90119536 -44.3322469
 -43.14327878 -41.26432595 -40.17529713 -39.47182172]
[-35.61828966 -36.21129729 -36.86736159 -37.73375696 -38.78606998
 -40.42150634 -44.39027867 -45.37397165 -46.22377018 -46.8772563
 -47.37803519 -47.70287924 -47.8380746  -47.70346663 -47.34389954
 -46.37081419 -44.88141684 -45.09013362 -47.29605849 -48.48467483
 -49.04233029 -49.25583216 -49.23481758 -49.07754406 -46.54673288
 -42.81299344 -43.67455815 -42.60779936 -37.09289376 -33.43691778
 -31.18934485 -28.79306047 -28.8864404  -29.27649749 -32.37513941
 -36.94120811 -36.54379372 -38.26107173 -41.38607351 -43.84782193
 -45.51980203 -47.54038635 -47.47905809 -47.17222792 -46.63249741
 -45.80395882 -44.6601778  -43.53130612 -42.95754353 -42.93118038
 -43.94931269 -45.45336228 -46.15593669 -46.47336085 -46.53754864
 -46.4131509  -46.10179552 -45.625149   -44.99655051 -44.42392766
 -43.2260909  -41.34940545 -40.22811539 -39.51677403]
[-35.27463254 -35.76159224 -36.29714656 -36.99869035 -37.792608
 -38.87735772 -42.3079197  -44.37745794 -45.64181925 -46.6132962
 -47.32480226 -47.85772467 -48.16862127 -48.26328922 -48.18048975
 -47.79318944 -46.72830583 -45.58689384 -46.41845368 -48.1291772
 -48.83328305 -49.09460406 -49.13557898 -49.01122336 -46.50958769
 -42.83997665 -43.8152379  -43.0852738  -38.6577762  -34.13264347
 -31.56583491 -28.99397009 -28.86076707 -29.04844856 -32.02633102
 -36.37273742 -35.75081305 -37.54201706 -40.9360678  -43.62602005
 -45.47762976 -47.62545018 -47.76864092 -47.67032878 -47.31385038
 -46.74146685 -45.82900297 -44.72501069 -43.85820899 -43.57763594
 -44.24577773 -44.23673664 -45.03244222 -45.38655371 -45.46634719
 -45.34489334 -45.05880926 -44.59585162 -44.0143893  -43.46460008
 -42.34959391 -42.09581379 -40.79245525 -39.94790659]
[-39.43511227 -39.49674849 -39.84069714 -40.52342804 -41.45830625
 -42.50013569 -43.17349286 -43.52658448 -43.96687133 -44.29467174
 -44.49366842 -44.53611829 -44.3520665  -43.89176082 -43.18643656
 -42.37258281 -42.19783136 -42.85230502 -44.05431577 -45.01451163
 -45.57588966 -45.81831537 -45.86177284 -45.81345535 -43.25181333
 -39.48439011 -40.29192397 -39.05731574 -34.86951459 -31.58127145
 -29.39039137 -26.97999443 -27.72669564 -28.43899573 -31.77897209
 -36.48323752 -35.89517707 -37.06930653 -39.90613596 -42.17008217
 -43.74826385 -45.7374544  -45.03184362 -44.33875542 -43.64731414
 -42.77817293 -41.90657705 -41.30350738 -41.15593267 -41.45073403
 -42.44230355 -43.43080343 -44.04581419 -44.36766771 -44.46726467
 -44.36825508 -44.09898315 -43.65779145 -43.05947217 -42.53314468
 -41.48485806 -40.32833816 -39.47342123 -38.89988034]
[-39.4472059  -39.5061258  -39.82993722 -40.46587627 -41.38668082
 -42.40739833 -43.07797776 -43.44355446 -43.88689724 -44.23000176
 -44.4317157  -44.4804649  -44.31989622 -43.89804565 -43.21410675
 -42.42294516 -42.23997693 -42.8000229  -44.01708586 -45.00634552
 -45.57724561 -45.81557867 -45.84413994 -45.77311392 -43.20889316
 -39.44743738 -38.35146185 -36.99060706 -32.77903432 -29.44638176
 -27.24403318 -24.83207945 -25.41513566 -26.08248381 -29.38661045
 -34.03375006 -35.58384701 -36.79441621 -39.63398969 -41.92527412
 -43.51124181 -45.49306138 -44.95701691 -44.33146564 -43.6732223
 -42.86179526 -41.97774098 -41.37922121 -41.2286353  -41.49351698
 -42.44086943 -43.47324956 -44.08039868 -44.43026913 -44.533554
 -44.44261877 -44.17994281 -43.73590873 -43.14529341 -42.62651609
 -41.62865514 -40.44399187 -39.59152157 -38.98377367]
[-40.05738484 -40.05702067 -40.32944282 -40.90847574 -41.80373075
 -43.12145988 -44.04514913 -44.5409307  -45.06376386 -45.45792743
 -45.68801661 -45.77065611 -45.62633654 -45.22759527 -44.52169912
 -43.37402185 -42.81933131 -43.11612783 -44.41567012 -45.9483633
 -46.79531181 -47.22142421 -47.41150224 -47.47945809 -45.11892495
 -41.57578719 -42.65000099 -41.82939034 -37.59422204 -33.76291544
 -31.393477   -28.93249953 -29.4744966  -30.22929234 -33.64683324
 -38.50927563 -38.09254172 -39.2686922  -42.06116392 -44.25071493
 -45.7292556  -47.59438454 -46.95262433 -46.13415897 -45.21591973
 -44.02757541 -42.80887052 -41.96774745 -41.59451377 -41.65800812
 -42.4374085  -44.03923268 -45.04205271 -45.56787133 -45.82639946
 -45.87646601 -45.74392575 -45.44761999 -45.02697163 -44.70002851
 -44.01298372 -42.30667509 -41.07760981 -40.3371204 ]
[-40.35869316 -40.44583746 -40.8309747  -41.57230963 -42.69505059
 -44.00949694 -44.79699673 -45.11618318 -45.48598519 -45.74520391
 -45.84559755 -45.79801975 -45.49604281 -44.89419116 -43.90149925
 -42.65879938 -42.27708339 -42.78612692 -44.43015484 -46.18598211
 -47.08379726 -47.54025694 -47.74755384 -47.77826089 -45.43335417
 -41.89934123 -42.96737573 -42.12096486 -37.61204073 -33.63338106
 -31.28175894 -28.8398765  -29.11019612 -29.72436222 -33.13522743
 -37.90663205 -37.34601557 -38.49330767 -41.22249778 -43.36028772
 -44.81592293 -46.67401068 -46.2926582  -45.67213059 -44.75842767
 -43.66341552 -42.58188974 -41.85637627 -41.56111938 -41.70722817
 -42.59646516 -42.83831053 -43.91083042 -44.49695781 -44.78378844
 -44.85335466 -44.73568593 -44.44662356 -44.03767397 -43.69843023
 -42.8035606  -42.65490979 -41.38567569 -40.5776715 ]
[-31.09220306 -31.23296847 -31.34752201 -31.53593158 -31.7517723
 -32.04998001 -34.26042495 -34.28500438 -35.30090016 -35.31100509
 -36.41728897 -37.08093377 -37.48465486 -37.62690454 -37.59705527
 -37.36685667 -36.87420185 -36.08253301 -34.75308683 -34.68558059
 -33.70874285 -33.35536569 -33.4718962  -33.81804081 -31.52341559
 -28.28947526 -29.91262484 -29.67034191 -27.32256298 -25.37682402
 -23.89107795 -21.65626969 -21.04511138 -20.43829471 -22.95864723
 -26.76117992 -25.42552538 -26.76805463 -29.96143203 -33.17625559
 -35.72128141 -38.34188284 -38.9104743  -39.22306472 -39.28657892
 -39.11705397 -38.68875666 -37.94611807 -36.79283183 -35.23896231
 -33.89515562 -33.09337015 -32.79905235 -32.92949481 -33.49502832
 -34.5223683  -35.8468221  -37.12651237 -38.28306397 -39.53834306
 -40.34832696 -41.25257317 -42.22013062 -43.13886568]
[-35.17734661 -35.9964498  -36.95133804 -38.23663306 -40.1559487
 -41.83888571 -44.53791529 -44.8613893  -45.26705632 -45.54999216
 -45.67415324 -45.64768407 -45.36230531 -44.68810407 -43.33309704
 -42.05982206 -41.99711063 -42.98444832 -44.45279902 -45.40314392
 -45.92315921 -46.1185283  -46.09955129 -45.99079952 -43.42190103
 -39.6034022  -40.30802374 -38.7819872  -34.38028192 -31.18590362
 -29.10997983 -26.79696843 -27.75283167 -28.70418221 -32.25345631
 -37.43188039 -37.56749176 -38.8501578  -41.77373278 -44.06818824
 -45.6592104  -47.6388971  -46.82647777 -45.98494859 -45.10805504
 -43.82514059 -42.32129819 -41.48830334 -41.35706695 -41.849117
 -41.69471193 -42.55528437 -42.97034743 -43.12418341 -43.0639482
 -42.83473917 -42.44889637 -41.86275218 -41.07427275 -40.25128337
 -40.20807784 -39.06328085 -38.31999009 -37.85842328]
[-35.09961161 -35.94403371 -36.90861506 -38.22332483 -40.17391438
 -41.91668768 -44.60893865 -44.93926003 -45.35007299 -45.63224012
 -45.79582427 -45.75002016 -45.45331856 -44.75510463 -43.36358336
 -41.99798885 -41.92480494 -42.81421761 -44.25814873 -45.18856524
 -45.68561204 -45.87757791 -45.86441568 -45.68248962 -43.12346815
 -39.33583442 -40.05770703 -38.62068984 -34.24346803 -31.0656924
 -29.00315587 -26.70736534 -27.02517871 -27.69351049 -31.17247393
 -36.31191841 -36.44287119 -37.85870145 -40.79483426 -43.06545484
 -44.63906018 -46.60862515 -46.36823402 -45.85437758 -45.02391297
 -43.76176786 -42.26968552 -41.42071852 -41.29078628 -41.78488044
 -41.64661501 -42.49000941 -42.90181288 -43.07273097 -43.0267247
 -42.8028835  -42.39386236 -41.80226056 -41.00730121 -40.19760162
 -40.14965227 -39.03145369 -38.297103   -37.81153754]
[-35.12728462 -35.94266823 -36.90332616 -38.1611817  -40.11175014
 -41.84957216 -44.55626856 -44.88557206 -45.30373452 -45.59098408
 -45.72943661 -45.71283466 -45.41778447 -44.76780129 -43.38608795
 -42.05436077 -41.98396162 -43.04282018 -44.48142182 -45.40698274
 -45.90652439 -46.09333123 -46.07994365 -45.94794467 -43.3852745
 -39.57486713 -40.27950955 -38.6681388  -34.2913414  -31.12669211
 -29.06941339 -26.76311025 -27.43804289 -28.27585156 -31.7878047
 -36.92791636 -37.0566335  -38.38067981 -41.31260291 -43.61149112
 -45.19070847 -47.15937426 -46.60424769 -45.89283388 -45.03766327
 -43.77848969 -42.28494409 -41.46591102 -41.32312798 -41.80075748
 -41.65469278 -42.48976587 -42.89040046 -43.0190516  -42.96531422
 -42.73626991 -42.33879693 -41.74303596 -40.94693086 -40.12585954
 -40.07245138 -38.95622083 -38.21962811 -37.77973275]
[-35.11085818 -35.93068727 -36.8725298  -38.10176666 -39.9213608
 -41.92057053 -44.69782954 -45.06956338 -45.51779098 -45.83225448
 -46.01367171 -46.01108761 -45.7545538  -45.15507097 -43.91081572
 -42.33932276 -42.21001197 -43.13353427 -44.62918097 -45.56353429
 -46.56601525 -46.75558707 -46.73685142 -46.57713499 -44.0006695
 -40.18752346 -40.88051491 -39.43925088 -34.96477076 -31.75482835
 -29.10550381 -26.77924165 -27.25014567 -27.97299098 -31.4401447
 -36.52565904 -36.54703692 -37.91764338 -40.84054346 -43.15363359
 -44.7505923  -46.74092578 -46.3643872  -45.77152713 -44.97082718
 -43.77139409 -42.38632198 -41.58589857 -41.4717431  -41.95201945
 -41.80498137 -42.6370277  -43.06160194 -43.21625437 -43.16925186
 -42.94921356 -42.54586943 -41.94911866 -41.14893629 -40.31998268
 -40.26968566 -39.15500279 -38.39294846 -37.91877928]
[-34.7267237  -35.4550498  -36.28106871 -37.30940571 -38.71239944
 -41.18890286 -44.17198345 -44.70203642 -45.26747854 -45.67654789
 -45.93491183 -46.03227942 -45.92018423 -45.51894342 -44.71648305
 -42.75043527 -42.33541903 -42.98933068 -44.35803886 -45.2577548
 -45.73052398 -45.88828668 -45.82713284 -45.63956664 -43.07614156
 -39.30181164 -38.16620195 -36.58386873 -32.17707398 -28.95894746
 -26.8768389  -24.57927833 -24.81425607 -25.31941192 -28.51147115
 -33.1943684  -35.01205975 -36.59751279 -39.62249801 -42.00030196
 -43.66925792 -45.7131209  -45.61975374 -45.29655515 -44.77577167
 -43.9705501  -42.8938714  -42.04400934 -41.83394606 -42.28576728
 -42.06890376 -42.88906852 -43.28306664 -43.41688679 -43.33473886
 -43.0720188  -42.64956041 -42.02725659 -41.19769182 -40.31969937
 -40.26622576 -39.09822704 -38.3085736  -37.81461706]
[-35.03702665 -35.77818582 -36.60613737 -37.64599848 -38.98240372
 -40.86935346 -43.83494215 -44.34208175 -44.8938007  -45.30446119
 -45.58692115 -45.67053262 -45.53960261 -45.126186   -44.36168001
 -42.97165157 -42.57342571 -43.18861471 -44.57107941 -45.50772633
 -45.98917898 -46.16959137 -46.13889604 -45.94956015 -43.37359525
 -39.58494345 -40.35852029 -39.04578865 -34.5841226  -31.270869
 -29.12577772 -26.77435113 -26.93395487 -27.40574534 -30.61104845
 -35.25718094 -34.81660663 -36.33095591 -39.33829278 -41.73418642
 -43.41951822 -45.48645719 -45.43991515 -45.16494091 -44.65829147
 -43.91369364 -43.00133935 -42.26912667 -42.09801958 -42.46376915
 -42.26983524 -43.15250723 -43.61635462 -43.78451591 -43.75338251
 -43.53822164 -43.11856816 -42.52403335 -41.73402017 -40.96225031
 -40.93744935 -39.7474442  -38.91606759 -38.38949786]
[-35.39818562 -36.19243442 -37.06817804 -38.11607508 -39.59149749
 -41.47688682 -44.35440231 -44.78475059 -45.27949731 -45.62505029
 -45.85528568 -45.8868863  -45.69881631 -45.24550547 -44.35038058
 -42.93570176 -42.679487   -43.48941866 -44.92481491 -45.89961748
 -46.41356636 -46.62257047 -46.616235   -46.50369094 -43.88589053
 -40.06220883 -40.78184778 -39.34320123 -34.84116989 -31.49853935
 -29.31932459 -26.9180292  -27.42341534 -28.08951454 -31.4991504
 -36.39389601 -36.06479365 -37.39089223 -40.32260674 -42.66693255
 -44.31117992 -46.35407309 -45.94019206 -45.3885705  -44.69396975
 -43.71725265 -42.70530312 -42.04171738 -41.95963674 -42.41590208
 -42.2761493  -43.16899102 -43.63497225 -43.82041686 -43.80129889
 -43.5997446  -43.19808429 -42.62105605 -41.83714592 -41.05189204
 -41.02286751 -39.86129894 -39.06318988 -38.55273339]
[-34.92515429 -35.67286961 -36.5133379  -37.59554687 -39.04360607
 -39.43170552 -42.5077202  -43.05494448 -43.6376066  -44.06792327
 -44.36016661 -44.47129112 -44.35066483 -43.93224387 -43.10703915
 -43.25511684 -42.81137325 -43.65374741 -45.30108039 -46.22299883
 -46.68361833 -46.83179771 -46.78358142 -46.63384154 -44.02307672
 -40.18899359 -40.89766217 -39.36466793 -34.59124811 -31.29174332
 -29.16788639 -26.82970229 -27.38730781 -28.03275852 -31.33869319
 -36.19286633 -36.20806507 -37.8384161  -40.95334933 -43.39718007
 -45.10521186 -47.1796603  -46.79121939 -46.29792911 -45.71772656
 -44.78872475 -43.46886965 -42.50168248 -42.27973708 -42.75982399
 -42.53842066 -43.35298452 -43.74013012 -43.85172519 -43.75024821
 -43.48442382 -43.03176558 -42.38778823 -41.50971098 -40.54353633
 -40.47757235 -39.3059     -38.5105688  -38.01541266]
[-34.32887045 -35.05749106 -35.91224908 -36.98991457 -38.62433278
 -40.89526436 -43.53699551 -43.98020471 -44.47575899 -44.83966204
 -45.07984165 -45.12262005 -44.93281596 -44.4702381  -43.41753304
 -41.61279032 -41.41574486 -42.38366897 -44.46798033 -45.47517792
 -46.01520217 -46.22830751 -46.22066947 -46.03181325 -43.6456714
 -40.02657204 -40.922826   -39.49727772 -34.56009736 -31.45998383
 -29.52657958 -27.38704871 -27.64489524 -28.26762505 -31.52826014
 -36.38917537 -36.24666506 -37.57727781 -40.34540513 -42.48429611
 -43.89757961 -45.69670235 -45.49630003 -45.01901596 -44.21327906
 -43.02242657 -41.60025297 -40.7857161  -40.64629668 -41.15385932
 -40.98981266 -41.90518413 -42.36123226 -42.54134295 -42.48601566
 -42.26265928 -41.83074309 -41.22099227 -40.39618375 -39.49684303
 -39.46247883 -38.25171422 -37.43860871 -36.90303238]
[-35.04669195 -35.72579417 -36.51490946 -37.56989751 -39.0395312
 -41.48897593 -44.23703734 -44.64520335 -45.09600176 -45.41659472
 -45.59781478 -45.59828327 -45.37220811 -44.81467942 -43.79294081
 -41.6636334  -41.18384682 -41.63531266 -43.44502892 -45.12259573
 -45.96893993 -46.40164342 -46.57779362 -46.67001644 -44.34206135
 -40.8263391  -39.99051888 -38.94820334 -34.25854438 -30.37371333
 -28.0827981  -25.69825166 -26.5941613  -27.50147939 -30.98054849
 -36.01470265 -37.99082789 -39.21301997 -42.03499166 -44.22723093
 -45.70222356 -47.55767037 -46.6596605  -45.72384187 -44.73087808
 -43.3782836  -41.91009607 -40.93186509 -40.55143307 -40.64685257
 -41.63482173 -43.98932447 -44.96418701 -45.44673764 -45.66172467
 -45.67296074 -45.48753899 -45.13676904 -44.64765926 -44.2456644
 -43.39164662 -40.80415213 -39.55016457 -38.81936899]
[-34.70792325 -35.31858276 -36.0535373  -37.01010902 -38.23233513
 -40.14008097 -43.04708056 -43.58747634 -44.14135758 -44.55822618
 -44.77820609 -44.89160594 -44.75414608 -44.3263997  -43.57553043
 -42.06196622 -41.38661638 -41.70566912 -43.0709217  -44.87742597
 -45.80605793 -46.25407647 -46.46526404 -46.50927023 -44.18919305
 -40.68024769 -41.78953761 -40.99224998 -36.72945238 -32.66056033
 -30.26514583 -27.82148573 -27.94315336 -28.43192594 -31.71066387
 -36.49986908 -36.18828009 -37.51081599 -40.30195498 -42.46945061
 -43.92067776 -45.75892898 -45.49122791 -44.95603762 -44.14567535
 -43.01462689 -41.68664874 -40.78873845 -40.44013454 -40.63276485
 -41.78458652 -43.41962183 -44.21638577 -44.64271933 -44.78347134
 -44.71534849 -44.51458103 -44.124279   -43.58794994 -43.08366828
 -41.9447746  -40.09712285 -39.02725768 -38.33528478]
[-35.77390863 -36.35814639 -37.01827265 -37.8774422  -38.9767704
 -40.77143179 -44.11213298 -44.82857611 -45.49528401 -45.99040092
 -46.32714177 -46.49593565 -46.44452739 -46.13356997 -45.53007597
 -44.15315052 -43.0328629  -43.05577457 -44.16624481 -46.74903727
 -47.75497063 -48.26865778 -48.52158366 -48.68997128 -46.34651504
 -42.83843086 -43.95895696 -43.39947539 -39.27603802 -34.23814955
 -31.6544379  -29.08668146 -29.62402234 -30.19770063 -33.48230406
 -38.27142166 -38.06311044 -39.54728134 -42.53611518 -44.87013238
 -46.45759629 -48.39913957 -47.7635785  -47.07225569 -46.30125774
 -45.19242389 -43.78873061 -42.63479363 -42.05996362 -41.97093052
 -42.66773613 -42.92114878 -44.05565062 -44.61345963 -44.87584836
 -44.92530212 -44.77921941 -44.46452471 -44.01531765 -43.66386452
 -42.83239032 -42.56845202 -41.10399058 -40.23900609]
[-39.07300832 -39.08209916 -39.3341784  -39.888494   -40.6310376
 -41.56637537 -42.30586909 -42.76923719 -43.3044846  -43.74111844
 -44.01900803 -44.17055514 -44.1296294  -43.82279386 -43.37295764
 -42.75107485 -42.5096071  -42.98552008 -44.16639864 -45.2521889
 -45.88379911 -46.16211016 -46.2177283  -46.22415074 -43.64383441
 -39.87387793 -40.71220576 -39.62568611 -35.3985695  -31.90353519
 -29.59361258 -27.09763144 -27.6047954  -28.0625438  -31.18087492
 -35.62740232 -34.85396038 -36.02979364 -38.81398809 -41.06865825
 -42.62747189 -44.59864005 -44.04908311 -43.50813169 -43.00260336
 -42.3571027  -41.63747226 -41.12719473 -41.02174683 -41.34178442
 -42.34131244 -43.29742516 -43.864352   -44.16397185 -44.24175948
 -44.12823651 -43.86152512 -43.40797613 -42.79390976 -42.24287427
 -41.17476912 -40.04222608 -39.22943658 -38.68917733]
[-34.35418291 -35.01544418 -35.77546747 -36.82260938 -38.12067489
 -40.50086325 -43.46471303 -44.10791236 -44.76887757 -45.27197438
 -45.61341903 -45.79274137 -45.76759868 -45.37936014 -44.70079888
 -42.86302068 -42.32415489 -42.86127265 -45.6096046  -46.85587221
 -47.46328066 -47.71348284 -47.71933262 -47.68527619 -45.24385745
 -41.59832155 -42.51427719 -41.49834699 -35.64995967 -32.13696533
 -30.00540477 -27.71438783 -28.25269829 -28.8022229  -31.88653579
 -36.44131992 -35.88824589 -37.16452831 -39.90959005 -42.04775379
 -43.45805808 -45.26925863 -44.71197118 -44.09975897 -43.46062437
 -42.5602235  -41.50376534 -40.76626204 -40.64054792 -41.14992402
 -41.00335584 -41.96923543 -42.44752163 -42.66356193 -42.62510877
 -42.39652468 -42.00345379 -41.41724265 -40.60949931 -39.74186291
 -39.71925836 -38.46308507 -37.6438887  -37.09892756]
[-34.37119587 -34.97493053 -35.69100158 -36.61194554 -37.78603715
 -39.74421503 -43.00958455 -43.81935415 -44.55716489 -45.1561872
 -45.54721849 -45.82610092 -45.85566023 -45.62048868 -45.07603301
 -43.69640688 -42.82772095 -43.16531932 -45.41157972 -46.77128993
 -47.44488855 -47.69004213 -47.7240516  -47.65632803 -45.21305889
 -41.56445745 -42.50871354 -41.52401291 -36.12075678 -32.39114403
 -30.13585922 -27.77585946 -28.06055625 -28.49545643 -31.57985988
 -36.1115781  -35.63249018 -37.05345449 -39.90289507 -42.11846714
 -43.60761223 -45.47044181 -45.14180562 -44.67358991 -44.06801677
 -43.21128043 -42.10212763 -41.25655025 -41.00359064 -41.41561822
 -41.19827819 -42.2632143  -42.74790438 -42.96263518 -42.93589783
 -42.73020723 -42.36635548 -41.79222492 -41.0280625  -40.18261132
 -40.20044415 -38.8165468  -37.96949268 -37.39626569]
[-34.3252423  -34.90716293 -35.5806569  -36.47537159 -37.5660306
 -39.287126   -42.71392476 -43.62673496 -44.42072825 -45.06197474
 -45.48342136 -45.80348616 -45.88071545 -45.69220216 -45.2378701
 -44.11245322 -43.06917645 -43.23693559 -45.07862131 -46.52103362
 -47.20922241 -47.47285529 -47.51328253 -47.38426642 -44.93958387
 -41.29581977 -42.25323744 -41.32002072 -36.3068464  -32.44673981
 -30.14987426 -27.74319182 -27.73625907 -28.0661529  -31.1298383
 -35.66241693 -35.1974138  -36.72358998 -39.64329366 -41.86765451
 -43.39373951 -45.28171166 -45.21918349 -44.91223544 -44.33572347
 -43.49088882 -42.3707098  -41.45961182 -41.12291563 -41.49891408
 -41.25974432 -42.39761329 -42.9098229  -43.1331295  -43.11585563
 -42.91868883 -42.57257385 -42.02334983 -41.28419578 -40.48154207
 -40.51584093 -39.04881955 -38.1654215  -37.57704004]
[-37.52774388 -37.37370156 -37.4564944  -37.79644271 -38.29544981
 -39.0655706  -39.91856817 -40.78385571 -41.68262851 -42.4373853
 -42.98321466 -43.40414302 -43.62750546 -43.63997481 -43.52626704
 -43.17686552 -42.7007531  -42.70374994 -43.66082651 -45.23066862
 -45.99761103 -46.31947199 -46.40260675 -46.35684549 -43.97254306
 -40.43142113 -41.53620308 -40.78526494 -36.70752526 -32.65481828
 -30.2515686  -27.80362035 -27.67035684 -27.76744505 -30.48332281
 -34.52021129 -33.42950314 -34.75163719 -37.61100478 -39.94509752
 -41.54877094 -43.51514724 -43.59374606 -43.4986619  -43.25497834
 -42.84461482 -42.24169291 -41.62171497 -41.19273834 -41.17580417
 -41.99168806 -41.99602268 -42.7964352  -43.21294918 -43.32751497
 -43.22360732 -42.99183138 -42.57329286 -42.00402212 -41.49038359
 -40.3775905  -40.21141953 -39.01177016 -38.1918562 ]
[-38.05908313 -37.97058504 -38.11947591 -38.50011741 -39.01900373
 -39.68507832 -40.20820584 -40.57932171 -41.10971858 -41.56234269
 -41.8945957  -42.10434209 -42.14397546 -41.99203731 -41.75566592
 -41.39847719 -41.26860371 -41.64614262 -42.54310754 -43.5894665
 -44.27195143 -44.62832803 -44.76568969 -44.79747557 -42.44821027
 -38.94719858 -38.17124283 -37.10221898 -33.42210684 -30.18957238
 -28.02884607 -25.67516236 -25.82961546 -26.11913173 -28.94101617
 -33.03533123 -33.96241846 -35.02382495 -37.5636133  -39.61656293
 -40.99891811 -42.79134718 -42.50575775 -42.11083731 -41.68506683
 -41.15087732 -40.58304169 -40.12515397 -39.96410831 -40.1188472
 -40.86422148 -41.97252665 -42.75390892 -43.23183182 -43.43131067
 -43.42297378 -43.25612085 -42.91477941 -42.44876802 -42.09451252
 -41.37239554 -40.16725578 -39.17246694 -38.46808539]
[-40.5982285  -40.51581746 -40.66836208 -41.01078293 -41.5395142
 -42.19523421 -42.75896146 -43.16961273 -43.71733034 -44.19286427
 -44.53951027 -44.74723243 -44.77006631 -44.65640338 -44.39336212
 -44.04058038 -43.86303602 -44.16992929 -45.09710532 -46.19766074
 -46.90046326 -47.24475155 -47.35806243 -47.3188183  -44.73227541
 -40.98113981 -41.86255148 -40.96123933 -36.92510215 -33.32177083
 -30.84618435 -28.2175288  -28.22009799 -28.43433111 -31.4692787
 -35.76665781 -34.83700217 -36.04539475 -38.85756841 -41.16090381
 -42.81055383 -44.87144124 -44.76494927 -44.52506506 -44.16582749
 -43.70814867 -43.17404847 -42.74126679 -42.57538404 -42.74486125
 -43.49032895 -44.66411929 -45.51082432 -46.00966486 -46.25240707
 -46.26558008 -46.10067629 -45.78742611 -45.33993179 -44.96774452
 -44.27224468 -43.01718224 -41.96673246 -41.22846791]
[-38.17952924 -38.12374958 -38.30026937 -38.75229559 -39.41374075
 -40.32263736 -41.13638293 -41.71663444 -42.35995605 -42.89383888
 -43.2835292  -43.5206457  -43.58901448 -43.41316711 -43.07449368
 -42.50797241 -42.1383858  -42.42887364 -43.6822532  -45.18464595
 -45.98911018 -46.38470835 -46.52265276 -46.54337728 -44.14170761
 -40.56654713 -41.61216276 -40.78900771 -36.57930575 -32.74058962
 -30.36643484 -27.90224778 -27.94529305 -28.21962672 -31.1459798
 -35.42057704 -34.5208462  -35.78387892 -38.52692106 -40.70961685
 -42.17768663 -44.03300061 -43.83064418 -43.43944772 -42.94156232
 -42.26990184 -41.46376679 -40.78523402 -40.48078576 -40.59000831
 -41.53766182 -42.99477784 -43.82889288 -44.29597879 -44.47262535
 -44.44478458 -44.24261636 -43.86125098 -43.33097938 -42.8874372
 -41.93474723 -40.28676382 -39.16665672 -38.42890814]
[-38.0402198  -37.9853683  -38.1586095  -38.62996369 -39.29319869
 -40.18478497 -40.99807049 -41.59659959 -42.25017515 -42.79667901
 -43.19359496 -43.43920452 -43.50737583 -43.33038731 -42.99705434
 -42.4603297  -42.11792183 -42.49001629 -43.83074166 -45.37085772
 -46.17695289 -46.56009234 -46.68729088 -46.65100651 -44.25485533
 -40.67949942 -41.71049591 -40.80762702 -36.50053925 -32.62105015
 -30.25549057 -27.81083281 -27.73121461 -27.9554173  -30.84356488
 -35.08103893 -34.16664921 -35.44672316 -38.20526449 -40.3705556
 -41.84744329 -43.69496162 -43.6256983  -43.34914226 -42.87821071
 -42.23379722 -41.4381075  -40.77541462 -40.44893337 -40.58573946
 -41.53336521 -43.05211263 -43.8726895  -44.29438226 -44.47133163
 -44.43365083 -44.22096395 -43.82992478 -43.29973642 -42.8260697
 -41.8565313  -40.13118039 -39.01444517 -38.30586846]
[-38.01231919 -37.94401872 -38.1188342  -38.59976727 -39.25380167
 -40.14510616 -40.94944451 -41.55378889 -42.20211163 -42.76044387
 -43.13673841 -43.40354705 -43.47156909 -43.28996417 -42.96332136
 -42.42925857 -42.10146102 -42.45938784 -43.77866115 -45.36794116
 -46.18524096 -46.56295196 -46.69801204 -46.6983636  -44.30680025
 -40.73298169 -41.75971213 -40.88082215 -36.60213367 -32.66906201
 -30.30567062 -27.8555313  -27.8977817  -28.16028076 -31.05843438
 -35.27237743 -34.349565   -35.60575172 -38.35847626 -40.52070918
 -41.99418541 -43.84764685 -43.66669191 -43.31736596 -42.83840151
 -42.21222821 -41.4219677  -40.75832652 -40.42212773 -40.56389498
 -41.52127232 -43.0418808  -43.85085474 -44.26963285 -44.44189198
 -44.40436614 -44.19945468 -43.80926769 -43.28749121 -42.80411645
 -41.825119   -40.08611413 -38.97570301 -38.26985713]
[-37.95827568 -37.88202862 -38.06591873 -38.49394973 -39.13364308
 -40.03380104 -40.84254975 -41.46157263 -42.1165795  -42.68047332
 -43.05375704 -43.33754235 -43.39659086 -43.27115336 -42.9680978
 -42.4438958  -42.10759444 -42.50344164 -43.80697402 -45.34083086
 -46.15949875 -46.53116727 -46.67706154 -46.70429302 -44.3126318
 -40.73211554 -41.76194547 -40.83650181 -36.57067997 -32.70769143
 -30.34813076 -27.89714565 -28.08150753 -28.38124121 -31.28735043
 -35.51458739 -34.58180606 -35.80498418 -38.56114715 -40.74047021
 -42.22345852 -44.07758597 -43.76334952 -43.34831079 -42.86910447
 -42.23675088 -41.45105958 -40.7882116  -40.44310215 -40.57188411
 -41.48922745 -43.04571213 -43.83461132 -44.27435696 -44.41873725
 -44.35779675 -44.16538506 -43.77857886 -43.2520474  -42.7593658
 -41.8093085  -40.0226487  -38.93665972 -38.18397322]
[-37.96076971 -37.90290492 -38.08418029 -38.52529055 -39.18262265
 -40.0848538  -40.86952024 -41.46061861 -42.1313975  -42.68975645
 -43.0935111  -43.34299913 -43.4028715  -43.26552435 -42.93545929
 -42.38479501 -42.05695555 -42.43529719 -43.81338196 -45.34291953
 -46.13580138 -46.52807582 -46.66586157 -46.71649929 -44.33279893
 -40.77173414 -41.81409204 -40.93910282 -36.58043845 -32.71255
 -30.3638065  -27.91545796 -28.22579588 -28.54746987 -31.43675364
 -35.6676439  -34.7307671  -35.93946427 -38.69756917 -40.87418124
 -42.34560907 -44.19146591 -43.76665727 -43.30823591 -42.83707157
 -42.19146304 -41.41809805 -40.76837268 -40.43637762 -40.56499102
 -41.51149173 -43.06363008 -43.88372256 -44.33056374 -44.49575088
 -44.45786211 -44.23677816 -43.84343839 -43.30897215 -42.81921583
 -41.85630047 -40.09133546 -38.97662716 -38.21852633]
[-37.95356514 -37.87908532 -38.04538091 -38.492918   -39.13305154
 -40.03782432 -40.83494185 -41.42498079 -42.08964053 -42.65164692
 -43.05900614 -43.32102192 -43.40075424 -43.25300919 -42.95397589
 -42.41221935 -42.07804228 -42.4618531  -43.8290582  -45.34445642
 -46.12226958 -46.51333003 -46.657333   -46.63647933 -44.24062176
 -40.67322328 -41.71183347 -40.81273808 -36.47764115 -32.62771883
 -30.29064785 -27.84178184 -27.76390085 -27.98531671 -30.87951626
 -35.11084221 -34.17210529 -35.46188432 -38.2114058  -40.41966946
 -41.89549711 -43.74589432 -43.66727346 -43.3735968  -42.89825346
 -42.26355317 -41.48998907 -40.81796279 -40.50059251 -40.58801107
 -41.54266865 -43.08856312 -43.8792515  -44.31695026 -44.47236054
 -44.41561149 -44.19940945 -43.79521162 -43.24880951 -42.77963503
 -41.79819381 -40.02789662 -38.93184561 -38.19171088]
[-38.50299606 -38.42949822 -38.57783213 -38.98666588 -39.53995403
 -40.26269795 -40.92399205 -41.3425398  -41.88238906 -42.33221077
 -42.63369116 -42.7954025  -42.76703302 -42.53061902 -42.15900435
 -41.62613578 -41.26612109 -41.46082099 -42.29414737 -43.98213095
 -45.20988931 -45.87691464 -46.251322   -46.46639246 -44.17140098
 -40.73595182 -41.95243376 -41.39479246 -37.70304774 -33.70474886
 -30.91564021 -28.20933638 -28.21242577 -28.46448012 -31.52019661
 -35.86126856 -34.93807338 -36.07472924 -38.75277059 -40.88272621
 -42.30887123 -44.13096452 -43.77200683 -43.25274849 -42.58752973
 -41.78257397 -40.91338682 -40.19873281 -39.7811066  -39.70367786
 -40.2094862  -41.39698214 -42.7300823  -43.49693473 -43.97743101
 -44.1919366  -44.22079472 -44.08403661 -43.84321448 -43.72045427
 -43.39802978 -42.31171683 -40.82804157 -39.90279901]
[-38.60961335 -38.50643398 -38.62822463 -39.02293579 -39.58200216
 -40.33766182 -41.06836424 -41.56397168 -42.15928389 -42.67426832
 -43.02233087 -43.22001357 -43.22363997 -43.03233311 -42.66153537
 -42.10560898 -41.65347084 -41.73417682 -42.51423647 -44.25888711
 -45.5621308  -46.26401124 -46.65071198 -46.92077498 -44.61575189
 -41.1658527  -42.37888319 -41.89840914 -38.18111858 -34.04517767
 -31.12519467 -28.34770578 -28.55091241 -28.78614284 -31.79668305
 -36.08744759 -35.14487825 -36.27906276 -39.01010653 -41.16462872
 -42.63305505 -44.48825019 -43.9439993  -43.37849107 -42.76951677
 -42.02693476 -41.19298992 -40.46646361 -39.99093927 -39.86127985
 -40.25477231 -41.35712992 -41.70729405 -42.57681735 -43.10214282
 -43.36967573 -43.42349419 -43.31764298 -43.11275778 -43.03254082
 -42.71192803 -41.60538203 -41.38468918 -40.32702074]
csi_data.timestamps:
1725224691.452699
1725224691.935582
1725224691.937996
1725224692.12022
1725224692.44007
1725224692.49004
1725224692.741707
1725224693.132822
1725224693.191801
1725224693.192013
1725224693.330307
1725224693.501669
1725224693.719748
1725224693.752841
1725224693.767804
1725224693.910074
1725224694.013321
1725224694.022989
1725224694.113317
1725224694.149791
1725224694.187105
1725224694.934243
1725224694.944631
1725224695.098817
1725224695.115254
1725224695.116024
1725224695.123034
1725224695.125468
1725224695.129253
1725224695.442588
1725224695.749996
1725224695.762931
1725224695.791392
1725224696.140716
1725224696.196314
1725224696.329784
1725224696.329975
1725224696.762715
1725224697.156324
1725224697.192996
1725224697.592854
1725224697.784345
1725224697.850324
1725224697.941491
1725224697.947518
1725224697.947748
1725224698.133942
1725224698.447844
1725224698.488919
1725224698.777955
1725224699.130241
1725224699.203516
1725224699.343901
1725224699.497374
1725224699.642384
1725224699.93373
1725224700.112541
1725224700.143077
1725224700.162258
1725224700.307327
1725224700.758054
1725224700.78364
1725224700.946746
1725224700.953805
1725224700.954744
1725224700.95725
1725224700.95845
1725224700.959883
1725224701.135045
1725224701.307093
