csi_matrix_squeezed:
[-26.99869715 -52.70387046 -49.8822194  -49.66099828 -51.00218336
 -53.33802953 -56.50690067 -59.0465179  -55.39476606 -51.3589094
 -48.66657438 -46.71581742 -45.37787639 -44.4904664  -43.80826356
 -43.68611693 -43.33550084 -43.8135501  -44.36237771 -45.3463175
 -46.72837486 -49.49276334 -52.62613928 -56.94163712 -58.96058131
 -53.43704167 -49.54572938 -48.38266118 -22.34205339 -12.05823116
 -60.40809357         -inf -23.05938973 -27.29903593 -32.34459689
 -27.03449774 -52.17126007 -51.187307   -50.16839388 -49.03548919
 -48.03766795 -46.83523943 -45.83319993 -45.34091682 -44.18190421
 -43.43281074 -43.00136406 -42.69827049 -42.46571206 -42.50452342
 -42.61697412 -43.34811169 -44.27352361 -45.72357983 -47.77851859
 -50.7935817  -55.15364366 -66.69994248 -62.18839945 -55.52454245
 -51.50902673 -49.80487378 -49.99474531 -53.08045599]
[-27.00906851 -52.66496341 -49.02369474 -47.95391175 -48.25261559
 -48.6742491  -49.26689605 -50.16644223 -50.31886231 -49.64700069
 -48.64750923 -47.28306777 -46.20041457 -45.31750551 -44.38761234
 -43.976222   -43.46943126 -43.53270959 -43.91069479 -44.58731648
 -45.68947129 -47.51244092 -49.98434365 -53.57618046 -62.14242548
 -61.64353389 -53.37350597 -50.77505284 -22.35242542 -12.06860254
 -60.41846526         -inf -23.0697611  -27.30940764 -32.35496825
 -27.04486911 -48.1028106  -47.44034467 -46.64328547 -45.78403198
 -45.19136632 -44.42518736 -43.85885981 -43.82661097 -43.00172995
 -42.57391894 -42.38311255 -42.29996366 -42.15140343 -42.31629356
 -42.57919949 -43.21521153 -44.097648   -45.31793965 -47.15405397
 -49.34616241 -52.60521619 -58.35914617 -66.76940269 -60.22635909
 -54.63063001 -51.76361984 -51.26370409 -53.97891699]
[-27.00919831 -52.54433266 -48.98868698 -48.07973518 -48.01614351
 -48.67805182 -49.17325157 -50.32435788 -50.09414159 -49.40399289
 -48.39638909 -47.12786208 -46.06131238 -45.19500582 -44.33117663
 -43.86270762 -43.86270762 -43.58640773 -43.98434489 -44.60015329
 -45.67214875 -47.53861889 -50.08831557 -53.61608963 -62.57584251
 -61.96148412 -53.25732791 -51.1405893  -22.35255523 -12.06873197
 -60.41859471         -inf -23.06989084 -27.30953716 -32.35509831
 -27.04499873 -49.38949549 -47.9013422  -46.55330502 -45.78344131
 -45.13004909 -44.43902909 -43.81354272 -43.93402994 -42.98505033
 -42.51531268 -42.29170449 -42.2188158  -42.09948951 -42.24312198
 -42.49569573 -43.21142624 -44.06046829 -45.19467117 -47.14219971
 -49.26657813 -52.59220829 -58.40605069 -65.71254638 -60.42496129
 -54.35782403 -51.85724378 -51.3035596  -53.75260138]
[-27.00933334 -52.65878592 -48.92117324 -48.27774233 -48.27774233
 -48.79566385 -49.11613831 -49.69933042 -49.94884921 -49.55990977
 -48.34253289 -47.2464032  -46.08485651 -45.1303334  -44.30202611
 -43.87008419 -43.61638013 -43.4095433  -44.17267643 -44.71614999
 -45.74331195 -47.72670015 -49.77388493 -53.12402886 -62.05526616
 -62.0610656  -53.3151241  -51.21118949 -22.35269014 -12.06886725
 -60.41873            -inf -23.07002612 -27.30967251 -32.35523342
 -27.04513378 -50.14064679 -48.24874518 -46.48700681 -45.83041537
 -45.02981856 -44.4671036  -43.66394846 -43.70669437 -43.04982119
 -42.56110564 -42.40497007 -42.01833118 -42.16163517 -42.31399834
 -42.40254163 -43.12528952 -44.07979425 -45.1298392  -47.20466077
 -49.18185208 -52.39773545 -57.63253347 -64.75831566 -60.58378617
 -54.75853207 -52.00941368 -51.43229107 -54.06750705]
[-26.00859041 -51.62473911 -48.40928603 -46.76372809 -46.9500083
 -46.83139183 -47.04355505 -47.79535862 -47.24178226 -46.74165854
 -46.19982249 -45.22321153 -44.26995537 -43.47798993 -42.61847175
 -42.87418476 -42.15283977 -42.4985934  -42.77916325 -43.53209731
 -44.61812676 -46.63399623 -48.64093318 -52.02492767 -59.73889614
 -64.86622811 -53.26156314 -50.12488916 -21.35194728 -11.08262758
 -40.33313678         -inf -22.06928269 -26.30892893 -31.35449026
 -26.04439091 -45.94605669 -45.50059838 -44.99314936 -43.98397636
 -43.77057389 -42.70943378 -42.41443001 -42.11500639 -41.63636393
 -41.22575745 -41.12968739 -41.14152945 -41.00792502 -41.20697253
 -41.34848623 -42.09469283 -42.68632821 -44.27049769 -45.78243413
 -48.24325902 -50.64277501 -55.17270365 -60.22679719 -59.91152423
 -54.75076947 -51.66622035 -51.00649199 -53.36030303]
[-26.00805522 -51.7322034  -48.13519404 -47.02472285 -46.83034477
 -47.05937577 -47.18134106 -47.58786543 -47.3768815  -46.75971274
 -45.95224864 -44.9606935  -44.32384429 -43.62397046 -42.90984732
 -42.64305525 -42.13610962 -42.41766391 -42.67716019 -43.33635497
 -44.43239428 -46.65778166 -48.85847387 -52.46823043 -61.01705288
 -64.29437868 -53.22126096 -51.15701214 -21.35141195 -11.08209219
 -40.33260136         -inf -22.06874772 -26.3083944  -31.35395525
 -26.0438554  -48.83590244 -46.79272626 -45.12525911 -44.18640128
 -43.6164219  -42.83468222 -42.31908555 -42.29124978 -41.50414226
 -41.11734725 -41.01991577 -41.01285167 -40.84513916 -41.08066466
 -41.38740225 -42.16763188 -43.01067155 -44.15925623 -45.84096659
 -47.91057317 -50.93173485 -56.24366989 -60.56173857 -59.63124043
 -54.15581389 -51.54825232 -50.77302463 -53.46389978]
[-27.00357895 -53.30132076 -49.62894529 -48.59082308 -48.51820063
 -48.93227473 -49.18567843 -49.75136844 -49.49564917 -48.7665865
 -47.83195025 -46.83286209 -45.92155036 -45.21137611 -44.48197303
 -44.16761402 -43.92586833 -43.93246168 -44.4579703  -45.1146438
 -46.27417446 -48.30829315 -50.80423181 -54.78138424 -65.37714321
 -61.72358226 -53.50061884 -51.41974592 -22.34693514 -12.06311294
 -60.41297538         -inf -23.06427128 -27.303918   -32.34947886
 -27.0393793  -50.0856696  -48.39608112 -46.95913771 -46.13921246
 -45.44386149 -44.78940066 -44.1896749  -44.32814216 -43.38354281
 -42.98828549 -42.82918248 -42.66208939 -42.60745177 -42.77763525
 -42.98896147 -43.74048684 -44.53406346 -45.61368507 -47.39022175
 -49.28920945 -52.29736138 -56.5538725  -61.36065741 -60.94229687
 -55.77946312 -52.80225955 -52.22092735 -54.77204443]
[-27.0024436  -53.30968071 -49.51292254 -48.65402138 -48.41679208
 -48.93247816 -49.24409572 -50.15202043 -49.68759187 -49.10045986
 -48.03161236 -47.00832655 -46.15868496 -45.45187887 -44.70660199
 -44.19699793 -43.92800194 -43.94511818 -44.40529879 -45.06126616
 -46.1480465  -48.02363649 -50.70560702 -54.14544994 -63.61066399
 -62.40873482 -53.71046489 -51.768826   -22.34580071 -12.06197767
 -60.41184028         -inf -23.06313619 -27.30278262 -32.3483433
 -27.03824441 -50.73129382 -48.72987255 -46.93257554 -46.21504764
 -45.53100187 -44.8847183  -44.27456646 -44.37118751 -43.49518494
 -43.0255791  -42.96431853 -42.71505308 -42.61801074 -42.86493385
 -43.11814769 -43.83377183 -44.70464271 -45.55994316 -47.39253693
 -49.32135265 -52.20190217 -57.25340247 -62.12241675 -62.12241675
 -55.53130361 -53.00416654 -52.35043795 -54.75337064]
[-27.00273732 -52.9527198  -49.58913316 -48.46681442 -48.43360997
 -49.02176829 -49.42135241 -50.53755751 -50.26645616 -49.6516017
 -48.39185893 -47.19678805 -46.36279111 -45.47701408 -44.71945507
 -44.17750846 -43.85727846 -43.99245251 -44.41299134 -45.07189488
 -46.17319831 -48.2057613  -50.68358034 -54.15621392 -62.87477401
 -61.33220842 -53.48754421 -50.87701925 -22.34609406 -12.06227145
 -60.41213398         -inf -23.06343007 -27.30307646 -32.34863726
 -27.03853796 -48.32387464 -47.79635487 -47.11162184 -46.37371848
 -45.66185081 -44.93332239 -44.30838008 -44.3351433  -43.51605731
 -43.01707496 -42.91179474 -42.71155982 -42.55216181 -42.78993175
 -43.09926469 -43.7536354  -44.64273255 -45.5749623  -47.41877865
 -49.41898974 -52.44414024 -57.19782462 -62.64407262 -60.82447069
 -55.02203496 -52.58574764 -52.20083535 -54.53708513]
[-27.00231539 -52.89768787 -49.52645814 -48.74638589 -48.96480722
 -49.89507694 -50.78513701 -52.21259525 -52.48043904 -51.20967884
 -49.32372041 -47.71732923 -46.4269606  -45.70564581 -44.31228336
 -43.92341469 -43.5152021  -43.59969154 -43.99330638 -44.70373807
 -45.81671239 -47.59381288 -50.18399383 -53.64109431 -61.34458241
 -60.94193194 -53.30666073 -50.89513452 -22.34567185 -12.06184941
 -60.41171199         -inf -23.0630082  -27.30265426 -32.3482154
 -27.0381157  -50.24769364 -49.08261122 -47.7373307  -46.85051663
 -46.11191932 -45.28925012 -44.59188198 -44.49838865 -43.60547772
 -43.11001384 -42.848929   -42.64421372 -42.42807054 -42.59814717
 -42.82749835 -43.51007043 -44.27559943 -45.39536884 -47.28001172
 -49.51003677 -52.5174735  -58.23520169 -66.43125199 -61.2138215
 -54.62849365 -52.2518576  -51.76142167 -54.2698277 ]
[-27.00221179 -53.41253507 -49.69157993 -48.95296092 -49.09468524
 -50.08991156 -50.95911371 -52.26712789 -52.10218716 -51.01141626
 -49.23239295 -47.70845451 -46.23608681 -45.25535351 -44.49009458
 -44.01906902 -43.74444466 -43.55239913 -44.21317191 -44.85208226
 -45.87227514 -48.23309167 -50.09188098 -53.83628615 -62.84304978
 -61.76037817 -53.56126911 -50.85386588 -22.34556842 -12.06174615
 -60.41160862         -inf -23.06290469 -27.3025511  -32.34811221
 -27.03801269 -48.73771043 -48.15766714 -47.44257728 -46.69920437
 -45.95850914 -45.33321272 -44.54503084 -44.71770823 -43.66622203
 -43.16881008 -42.9682157  -42.59660567 -42.52077198 -42.66199975
 -42.71982471 -43.40307091 -44.28567124 -45.32403551 -47.28501516
 -49.2401587  -52.48259848 -57.70015531 -65.4016252  -61.60481231
 -55.34512522 -52.45790074 -51.98215221 -54.43938774]
[-26.99816664 -52.78895064 -49.15013816 -48.53713668 -48.82205341
 -49.9158277  -51.42450613 -53.90516871 -54.10264385 -53.0650907
 -50.54946999 -48.60206535 -46.89134932 -45.73613036 -44.79854223
 -44.29881958 -43.89782061 -43.71605644 -44.36775507 -44.93158239
 -45.97102861 -48.04211597 -50.16355155 -53.58335982 -60.26519314
 -58.97298554 -52.71369628 -50.27688078 -22.34152291 -12.05770076
 -60.40756315         -inf -23.05885905 -27.29850551 -32.34406647
 -27.03396705 -49.05855974 -48.81756622 -48.32780145 -47.54467851
 -46.76580592 -45.9614954  -45.08654118 -45.17484353 -44.09239003
 -43.48592863 -43.24699429 -42.79349415 -42.73723272 -42.83766356
 -42.96088569 -43.60838019 -44.51666547 -45.45736714 -47.49632893
 -49.79864885 -53.29322937 -59.45503486 -79.43422393 -60.05122379
 -54.13460248 -51.49373248 -51.12946379 -53.9733133 ]
[-26.9968979  -52.89415002 -49.20995935 -48.51405584 -48.59120423
 -49.76010141 -50.64927835 -52.72904807 -53.22646609 -52.59304482
 -50.44179939 -48.61853344 -47.2109309  -46.04146665 -45.0363318
 -44.20422015 -43.85158455 -43.80411612 -44.12598655 -44.64169843
 -45.71138229 -47.42593119 -50.02172072 -53.14906598 -60.59149688
 -62.24449616 -53.74487261 -51.67260851 -22.34025447 -12.05643164
 -60.40629419         -inf -23.05759022 -27.29723673 -32.34279744
 -27.032698   -51.69598247 -49.9948502  -48.424746   -47.66758163
 -46.80290245 -46.13327438 -45.28379206 -45.27435731 -44.25435599
 -43.61462326 -43.43695154 -43.11866584 -42.83142487 -42.97690633
 -43.11665165 -43.79591639 -44.57944619 -45.38211608 -47.33198931
 -49.40032576 -52.66053661 -57.98668167 -70.55020104 -62.3402553
 -54.91583912 -52.23216902 -51.83576109 -54.20450655]
[-26.99795949 -52.76765022 -49.26449816 -48.32362206 -48.64118039
 -49.48014782 -50.60083798 -52.44779211 -52.86089256 -52.19093817
 -50.54950951 -48.60521797 -46.95713365 -45.75792142 -44.71505618
 -44.31033623 -43.79253702 -43.73179459 -44.11453185 -44.11453185
 -45.72284225 -47.84083943 -49.90562    -53.37875909 -60.98091843
 -61.59463235 -53.39708209 -50.85819177 -22.34131615 -12.05749332
 -60.40735597         -inf -23.05865211 -27.29829823 -32.34385954
 -27.03376008 -50.57351377 -49.51378649 -48.3146248  -47.49500996
 -46.80011557 -45.91187179 -45.31388006 -45.21536992 -44.22748169
 -43.69992268 -43.38119774 -43.07852724 -42.9438187  -42.99709296
 -43.08230924 -43.61793328 -44.37848733 -45.60739046 -47.40953217
 -49.41910681 -52.59463305 -58.20826202 -70.75029671 -61.85302503
 -55.0606109  -52.26714425 -51.59313498 -54.18515005]
[-28.00874293 -53.86361528 -50.35205346 -49.59565611 -49.67505864
 -50.64580929 -51.69616515 -53.42752033 -53.81018082 -52.96700733
 -51.02409037 -49.33263413 -47.91288576 -46.84538156 -45.82889257
 -45.31134402 -44.81137322 -44.88181637 -45.1797369  -45.85178749
 -46.85382493 -48.85867482 -51.37202414 -51.37202414 -63.59328354
 -62.36582184 -54.59658063 -52.17855362 -23.35209992 -13.05331589
 -61.41813932         -inf -24.06943511 -28.30908145 -33.35464244
 -28.04454358 -52.20046221 -50.93059536 -49.51713194 -48.67581642
 -47.94395765 -47.14264276 -46.37723857 -45.98362815 -45.21400674
 -44.66698566 -44.35308973 -44.17664142 -43.92254906 -43.99139234
 -44.20466185 -44.83271547 -45.58429145 -46.63647746 -48.37254316
 -50.56034139 -53.83452652 -59.61414591 -71.65342149 -62.72122506
 -55.74012146 -53.19142177 -52.62140249 -55.05728571]
[-26.99816962 -52.66809378 -49.10971043 -48.54738768 -48.9436738
 -50.04302986 -51.31129019 -53.04300791 -53.18562303 -51.51383075
 -49.33781126 -47.59952893 -46.17942069 -45.19448388 -45.19448388
 -43.87723221 -43.49009127 -43.47530933 -43.94440381 -44.6588926
 -45.79063922 -48.04279599 -50.30586516 -54.19105744 -62.81079574
 -59.4482315  -52.4819313  -50.63220047 -22.3415263  -12.05770396
 -60.40756633         -inf -23.05886229 -27.29850869 -32.34406933
 -27.03397048 -53.43891091 -50.75251554 -48.70282196 -47.84159341
 -46.88120772 -46.1173576  -45.27659715 -45.43787823 -44.11844116
 -43.53750424 -43.26615836 -42.90504979 -42.77981293 -42.90780245
 -43.08142506 -43.80919815 -44.66131973 -45.73692051 -47.81834148
 -50.16378018 -53.96338685 -61.52571363 -70.90823712 -58.21038979
 -53.37639542 -51.04392522 -50.73790365 -53.69069552]
[-27.00109595 -52.11286231 -48.54957083 -47.97095753 -48.21139813
 -49.3281787  -50.29496005 -52.25610757 -52.36132677 -51.37528706
 -49.47271969 -47.74743776 -46.26088089 -45.13362503 -44.18130117
 -43.79872587 -43.42566696 -43.33071773 -43.93860701 -44.57243325
 -45.63481102 -47.93471165 -50.1887899  -53.95670581 -64.02989204
 -60.54481968 -52.68209675 -50.43548071 -22.34445281 -12.06062966
 -60.41049226         -inf -23.06178805 -27.30143473 -32.34699585
 -27.03689595 -52.57886211 -50.83888962 -49.05744953 -48.15085955
 -47.15579202 -46.29642474 -45.38353958 -45.28996235 -44.11312052
 -43.51367931 -43.13039899 -42.70943638 -42.59444138 -42.67063171
 -42.65140085 -43.35575581 -44.20380079 -45.26041962 -47.31508188
 -49.6532544  -53.18463113 -59.58694313 -69.25664638 -58.41549402
 -53.31164035 -50.79016158 -50.4316165  -53.25743801]
[-26.99796771 -52.16838318 -48.58824514 -48.04870341 -48.02258793
 -49.1837658  -50.30240202 -51.97262144 -52.66931979 -51.96589932
 -49.91373621 -48.24041984 -46.5698766  -45.50044772 -44.4644725
 -44.00689395 -43.67137583 -43.41333013 -44.12032069 -44.73227321
 -45.8244447  -48.13514658 -50.3540164  -54.10294157 -65.18759873
 -60.0617827  -52.14759806 -50.27660458 -22.34132462 -12.05750185
 -60.40736445         -inf -23.0586603  -27.29830672 -32.34386802
 -27.03376856 -53.7068955  -51.10467039 -48.92670167 -48.28441871
 -47.3828271  -46.61139726 -45.64335019 -45.58108506 -44.56668025
 -43.90122893 -43.54838964 -42.9838066  -42.91118452 -42.89971608
 -42.9170431  -43.54972293 -44.39267324 -45.26353104 -47.29536333
 -49.37811918 -52.6864889  -58.99934791 -68.62811237 -59.8890117
 -53.66320048 -51.30072199 -50.70393981 -53.44100049]
[-27.00084033 -50.67052342 -47.47074154 -46.72013547 -47.2359567
 -48.42063346 -50.25664554 -53.42424936 -54.87034951 -53.97990517
 -50.83036262 -48.56398461 -46.60939445 -45.33773971 -44.31874869
 -44.1118705  -43.60628709 -43.6411027  -44.1676515  -45.00676457
 -46.15518076 -48.6028501  -51.22093171 -55.77107383 -68.20077123
 -57.10371682 -50.79129501 -48.59724155 -22.34419682 -12.06037426
 -50.86781186         -inf -23.06153276 -27.30117912 -32.3467401
 -27.03664063 -49.30153768 -49.37729099 -49.02927296 -48.37540338
 -47.76404129 -46.73943392 -46.02159684 -45.63318767 -44.63974052
 -43.86830925 -43.39910283 -42.98026941 -42.65815868 -42.63472793
 -42.66866394 -43.24471695 -43.9297231  -45.20211285 -47.16736736
 -49.91511796 -53.67213589 -62.18415749 -64.87249673 -55.38205948
 -51.14495874 -49.10403328 -48.88639786 -51.60773408]
[-27.00468988 -52.2112     -49.32112578 -49.09362202 -50.15067283
 -52.06715296 -54.50756144 -56.19571489 -54.22726147 -51.04980116
 -48.436622   -46.66177209 -45.25990194 -44.33691271 -43.54186128
 -43.56134481 -43.23800547 -43.47812991 -44.11177503 -45.06721777
 -46.37845429 -48.70229476 -51.63441345 -56.17259516 -65.89966355
 -56.13918425 -50.60261044 -48.64489394 -22.34804683 -12.06422443
 -60.41408676         -inf -23.06538269 -27.30502913 -32.35058991
 -27.04049069 -48.96220781 -48.48225277 -47.5693802  -46.69032081
 -46.14532055 -45.17139213 -44.49457291 -44.09958859 -43.49233924
 -42.87711023 -42.63840505 -42.40548523 -42.2967262  -42.48441895
 -42.71704277 -43.51808062 -44.51491501 -45.99784089 -48.39519365
 -51.71992886 -56.36463939 -69.14988061 -60.82933917 -54.55159657
 -50.98852615 -49.42271413 -49.52563407 -52.65076968]
[-27.00825541 -52.45715544 -49.33692947 -49.49860915 -50.28398673
 -52.29946128 -54.66428213 -56.02615664 -54.08600124 -51.02748383
 -48.15841336 -46.47556384 -45.15376537 -44.33530045 -43.73086066
 -43.33558303 -43.30198391 -43.31107796 -44.13131219 -44.91195712
 -46.16885977 -48.90229422 -51.51312365 -56.06645838 -67.32308672
 -56.56727824 -51.03254972 -49.07066956 -22.35161179 -12.06778928
 -41.33280197         -inf -23.0689478  -27.30859423 -32.35415507
 -27.04405577 -49.50169961 -48.68729452 -47.52740397 -46.90363283
 -45.97082208 -45.36130912 -44.35850945 -44.56416682 -43.47526434
 -42.85966164 -42.66695266 -42.28041501 -42.32490785 -42.52810337
 -42.74151943 -43.58772513 -44.75265441 -45.89687746 -48.50551958
 -51.59883594 -56.66984182 -68.36890396 -61.04815264 -54.76119989
 -51.07996006 -49.52468664 -49.55394041 -53.03078097]
[-27.00326811 -53.104493   -49.91555973 -49.9448539  -50.87256674
 -52.74266493 -54.51376556 -56.00576796 -53.74410193 -50.90709328
 -48.49512548 -46.81320543 -45.3740985  -44.41105896 -43.67522074
 -43.57748803 -43.25217737 -43.19331021 -44.00945096 -44.80601921
 -45.89680727 -48.41887253 -50.62818003 -54.83467431 -65.91985464
 -58.57537974 -51.82272349 -49.9476637  -22.34662481 -12.0628021
 -60.41266468         -inf -23.06396074 -27.30360715 -32.34916796
 -27.03906894 -52.5005555  -49.96092525 -47.88325465 -47.01813107
 -46.18725336 -45.26825571 -45.26825571 -44.34980013 -43.45436679
 -42.89615128 -42.62308369 -42.32831805 -42.30010312 -42.47007025
 -42.68163134 -43.48289553 -44.40468754 -45.86175216 -48.17441607
 -50.9288309  -54.98822198 -60.9225664  -59.85590144 -55.11659536
 -51.76385756 -50.17718127 -50.19083668 -53.53444081]
[-27.00768857 -52.17897869 -49.26120799 -48.90472054 -49.69750605
 -51.24471333 -53.09705656 -54.69874101 -53.61413783 -50.83802916
 -48.44178962 -46.68648778 -45.41135202 -44.45852247 -43.58050818
 -43.37592298 -42.98769281 -43.17580238 -43.6072307  -44.40306408
 -45.59795673 -47.69358053 -50.18816047 -54.08598999 -64.66970999
 -60.53177232 -52.26091754 -50.04918668 -22.35104595 -12.06722315
 -60.41708543         -inf -23.06838155 -27.30802794 -32.35358869
 -27.04348952 -50.51129923 -49.44556836 -48.11818179 -47.13280663
 -46.35132987 -45.25060525 -44.44949104 -44.32716179 -43.26196372
 -42.6180692  -42.37091997 -42.12984398 -41.95062218 -42.10823912
 -42.44679401 -43.22077659 -44.15548161 -45.49566875 -47.68005215
 -50.58969276 -54.33372147 -60.26574621 -58.44845551 -54.17499746
 -50.93513334 -49.48337298 -49.63549048 -52.72177612]
[-27.00886036 -52.22721363 -48.97606577 -48.61338847 -49.32760455
 -50.75580798 -52.72777161 -54.52843135 -53.44853576 -51.09643201
 -48.65335233 -46.84164352 -45.37969041 -44.38964612 -43.63295512
 -43.35813377 -43.09549277 -42.96818309 -43.60676135 -44.42782057
 -45.45937834 -47.5055313  -49.77206399 -53.67414881 -63.48350764
 -61.61809436 -53.19545897 -50.26282373 -22.3522167  -12.06839428
 -60.41825676         -inf -23.06955261 -27.30919904 -32.35476027
 -27.04466088 -49.06230312 -48.71928064 -48.09258233 -47.16554895
 -46.24614122 -45.34467137 -44.39317919 -44.37898315 -43.21307031
 -42.5894444  -42.28985321 -41.96744342 -41.88681955 -42.09889374
 -42.27950554 -43.09290097 -44.06328917 -45.45552922 -47.71967127
 -50.45039594 -54.43372338 -59.58157017 -58.41773689 -53.98400713
 -51.03559838 -49.36687781 -49.50198214 -52.77494649]
[-27.00713808 -52.28609619 -48.96023668 -48.61802123 -49.28457042
 -50.81490323 -52.36168223 -54.55459424 -53.76581877 -51.61137885
 -49.15466736 -47.2623256  -45.74217389 -44.72392741 -43.98873647
 -43.49126186 -43.22253192 -43.19161251 -43.78540817 -44.32937123
 -45.32823861 -47.52116668 -49.70439627 -53.21913443 -62.23535237
 -64.15653614 -53.74711579 -51.3052057  -22.35049456 -12.06667252
 -60.41653484         -inf -23.06783103 -27.30747734 -32.35303794
 -27.04293886 -50.46730023 -49.34199636 -48.06834218 -47.196602
 -46.21358451 -45.27657976 -44.33839921 -43.94997439 -43.23675762
 -42.58038695 -42.41086095 -41.99372837 -41.89207305 -42.1450191
 -42.39279026 -43.21952862 -44.2124852  -45.50124198 -47.74742645
 -50.54564328 -54.58113777 -60.35729927 -59.11681163 -54.50708525
 -51.3360523  -49.64347275 -49.76078146 -53.02096403]
[-27.00596051 -52.59895109 -49.29533709 -48.92717958 -49.63520133
 -50.99767005 -52.48165172 -54.28560491 -54.07532524 -51.8886618
 -49.42134775 -47.58488271 -45.9391972  -44.83362598 -43.99530051
 -43.75333531 -43.34995308 -43.23399689 -43.78554338 -44.45494583
 -45.43006371 -45.43006371 -49.61760655 -52.85934356 -60.6694284
 -64.78311321 -53.9275172  -51.53641995 -22.34931726 -12.06549418
 -60.41535685         -inf -23.06665266 -27.30629905 -32.35186013
 -27.04176088 -51.87320877 -49.7830744  -47.87915675 -46.91801086
 -46.13718677 -45.23107733 -44.41428371 -44.21124965 -43.38781107
 -42.75377827 -42.45807524 -42.14584228 -42.06556957 -42.28258295
 -42.39396494 -43.15717129 -44.18806766 -45.62149535 -47.85577504
 -50.52909116 -54.38119318 -59.74990473 -59.85766064 -55.17032442
 -51.8216034  -50.07741976 -49.98802839 -53.26000583]
[-27.00308321 -53.28641673 -50.34337172 -49.92642947 -50.91023683
 -52.30948347 -52.30948347 -54.74135189 -53.14812965 -50.7699886
 -48.79607706 -47.08039716 -45.65449712 -44.67256357 -43.80111322
 -43.7483148  -43.28905325 -43.41061444 -43.85762406 -44.61971831
 -45.58435137 -47.91827248 -49.86236748 -53.23696762 -61.59105517
 -62.89244603 -53.44526327 -51.32149536 -22.34643998 -12.06261743
 -60.41248018         -inf -23.0637762  -27.30342256 -32.34898349
 -27.03888406 -51.76124953 -49.50555315 -47.62154099 -46.69665
 -46.09299547 -45.20500348 -44.45655312 -44.11252935 -43.43168535
 -42.85123533 -42.68028081 -42.48893099 -42.42764546 -42.57103068
 -42.82832198 -43.55745746 -44.53917197 -46.09537833 -48.23833175
 -51.15899056 -54.96075644 -60.63379319 -60.00588522 -55.45102158
 -52.27320429 -50.50420271 -50.50783212 -53.83441724]
[-27.00805774 -52.9598009  -50.17554804 -49.67109545 -50.35991861
 -51.71338893 -53.50606915 -55.57082466 -53.79428062 -51.23889673
 -48.76908814 -46.92311795 -45.61125176 -44.5565719  -43.65392901
 -43.47967242 -42.99113367 -42.99113367 -43.58682838 -44.38234562
 -45.51711994 -47.1943272  -50.07620771 -53.37872858 -60.51367307
 -59.87540608 -52.65502439 -50.71698207 -22.35141413 -12.06759168
 -50.87502901         -inf -23.06875012 -27.30839626 -32.35395772
 -27.04385805 -51.75145835 -49.38214805 -47.46476364 -46.46266958
 -45.92806533 -44.99929483 -44.36730669 -43.94202804 -43.2099681
 -42.62107908 -42.30803374 -42.2415735  -41.9777237  -42.08151851
 -42.31905526 -42.99332553 -43.82541932 -45.21051288 -47.16043684
 -49.93823432 -53.46261825 -60.83883563 -70.96598112 -58.47840571
 -53.27354897 -51.15893075 -51.05332162 -53.71522898]
[-27.01368598 -53.31885735 -50.48144416 -49.79979253 -50.78370071
 -51.96480014 -53.20169228 -54.26447582 -52.79032025 -50.30239152
 -48.44857766 -46.66692671 -45.26507317 -44.33606266 -43.37636505
 -43.46092618 -42.9110042  -43.37198268 -43.55607314 -44.56547474
 -45.67730285 -47.64877885 -49.96644872 -53.89791426 -62.0219176
 -60.36280128 -52.52269286 -50.00142715 -22.35704306 -12.07321998
 -41.33823211         -inf -23.07437877 -27.31402523 -32.35958581
 -27.04948643 -47.72778786 -47.45635323 -47.05208723 -46.03374824
 -45.69217096 -44.57009398 -44.18316141 -44.07848492 -43.07006045
 -42.49505497 -42.23307273 -42.1723479  -41.93358841 -42.10594504
 -42.29387991 -42.93652355 -43.6914467  -45.25797456 -46.93098828
 -49.67830906 -52.82396165 -59.69822856 -65.61509318 -59.13280208
 -54.06369981 -51.86106747 -51.52480173 -54.14262487]
[-26.99992293 -52.6685984  -49.51326891 -48.91061698 -49.35810703
 -50.69738901 -52.6447606  -55.30118332 -55.35275297 -53.04184397
 -50.39341758 -48.30671089 -46.62589061 -45.503011   -44.67627228
 -44.19281045 -43.81620997 -43.72248259 -44.25466184 -44.91770387
 -45.99172187 -48.01029986 -50.49809182 -54.21281056 -62.877571
 -59.49034128 -52.48830221 -49.96511142 -22.34327971 -12.05945693
 -60.40931933         -inf -23.06061509 -27.30026176 -32.34582246
 -27.03572302 -48.64648089 -48.27630482 -47.71951473 -47.00351829
 -46.36164632 -45.68915806 -44.97693205 -45.06657722 -43.95346429
 -43.39718853 -43.08502807 -42.74204005 -42.54566949 -42.67024811
 -42.82408846 -43.43086757 -44.241773   -45.29045315 -47.29663201
 -49.52199016 -52.92613304 -58.54278936 -64.27143234 -58.08426564
 -53.14267985 -51.04801113 -50.94364417 -53.55290749]
[-26.99955257 -52.6904034  -49.34678394 -49.22833946 -49.58825141
 -51.36719436 -53.54265378 -56.10393962 -56.10393962 -52.87233651
 -49.78501565 -47.83477659 -46.13918048 -45.1422867  -44.32685909
 -43.98034198 -43.83754768 -43.56470691 -44.35855147 -45.07907665
 -46.21664607 -48.44623594 -50.95164529 -54.94696355 -65.55217125
 -58.19948328 -51.68030422 -49.63621951 -22.34290934 -12.0590861
 -60.40894888         -inf -23.06024492 -27.29989113 -32.3454523
 -27.0353526  -48.84934983 -48.41994952 -47.69274166 -47.20008044
 -46.54484514 -45.93546582 -45.06230444 -45.18585375 -44.16712544
 -43.60128813 -43.29016627 -42.72731995 -42.69781911 -42.75116412
 -42.79688222 -43.48718527 -44.28107784 -45.34202787 -47.41112504
 -49.44451643 -52.76878656 -58.35755544 -61.69810164 -57.11234382
 -52.72374578 -50.59963246 -50.43180506 -53.4893131 ]
[-28.00920579 -53.96814254 -50.96963487 -50.79421    -51.59998961
 -53.65386597 -56.2694527  -59.59644977 -57.49802056 -53.65373276
 -50.59437357 -48.64694371 -47.18926596 -46.14148418 -45.40001091
 -45.0777026  -44.78022752 -44.87773847 -45.4631328  -46.32741629
 -47.47332857 -50.05857721 -52.34572672 -56.69554592 -65.43567305
 -58.23258435 -52.38604618 -50.30928753 -23.35256257 -13.05377902
 -51.87617715         -inf -24.06989855 -28.3095448  -33.35510576
 -28.04500637 -50.59419794 -49.93296594 -48.95152482 -48.26098412
 -47.66051556 -46.97717453 -46.27605049 -46.09270997 -45.2057821
 -44.65411141 -44.34147655 -44.00230926 -43.79426952 -43.87208741
 -44.03969764 -44.64639024 -45.48565918 -46.54841722 -48.61680404
 -51.07209055 -54.49460455 -60.75861164 -63.81216181 -58.2617016
 -53.79137538 -51.870497   -51.80577073 -54.75003971]
[-28.01039112 -54.3514413  -51.38270358 -51.17908528 -52.03361712
 -54.46046519 -57.29647866 -61.99425762 -58.50313271 -53.74444276
 -50.5251824  -48.44535406 -46.960855   -46.08805176 -45.30904425
 -44.8753222  -44.60542622 -44.73322384 -45.30799982 -46.08358041
 -47.36770116 -49.50177132 -52.51416804 -57.05256424 -65.76441703
 -57.62747216 -52.17925483 -50.13376347 -23.35374788 -13.0549642
 -42.33493741         -inf -24.0710837  -28.31073008 -33.35629124
 -28.04619155 -49.80548595 -50.08512792 -49.81016794 -49.63939209
 -48.90312956 -47.6453195  -46.74801146 -46.65472074 -45.60637505
 -44.86885361 -44.60224814 -44.32334048 -44.01650326 -44.20261134
 -44.32963009 -44.73063244 -45.6051869  -46.69144491 -48.7972793
 -51.38830529 -55.28635415 -62.10115624 -69.80369508 -59.7177653
 -54.31556267 -52.39684773 -52.3648001  -55.04059053]
[-28.0067821  -54.59241628 -51.4019678  -51.23638992 -52.13294933
 -54.40084254 -57.32871256 -61.24746695 -58.69961724 -54.12202125
 -50.79288856 -48.74546441 -47.07644653 -45.99413095 -45.21387023
 -45.00864687 -44.69517164 -44.69501422 -45.377347   -46.16885733
 -47.37942609 -47.37942609 -52.349772   -56.65682208 -66.25255524
 -57.88258836 -51.94041278 -50.12540569 -23.35013914 -13.05135543
 -61.41617878         -inf -24.06747454 -28.30712115 -33.3526821
 -28.04258271 -52.22419082 -51.12226202 -49.77095096 -49.04162361
 -48.36572088 -47.5372601  -46.70248609 -46.58410099 -45.59243614
 -44.94028149 -44.61085741 -44.16174758 -44.0297575  -44.0973299
 -44.18113888 -44.77092839 -45.56396787 -46.67867278 -48.68835804
 -51.05515343 -54.69970306 -61.62551438 -71.06350362 -60.08493141
 -54.83502786 -52.55994808 -52.29228032 -55.26091148]
[-28.00803068 -54.58882031 -51.51616777 -51.30688006 -52.39790746
 -54.44195833 -58.06448427 -62.59079016 -58.76127019 -54.02204952
 -50.81273152 -48.74886334 -46.9996383  -45.81855247 -45.05362118
 -44.98663127 -44.60288374 -44.74010554 -45.22545813 -46.28601103
 -47.35646647 -49.53445727 -52.4347389  -56.89644689 -66.58846154
 -57.89925576 -51.90725455 -50.33674643 -23.3513879  -13.05260363
 -61.41742743         -inf -24.06872349 -28.30836981 -33.35393074
 -28.0438313  -53.46703256 -51.3891834  -49.64344004 -48.77108773
 -48.26972383 -47.34524338 -46.58549775 -46.48098003 -45.48876012
 -44.81128072 -44.46273039 -44.06506798 -43.85977638 -43.91606537
 -43.95908423 -44.54883146 -45.26510968 -46.56823683 -46.56823683
 -50.8139076  -54.23866513 -60.45490583 -69.29814079 -60.53658609
 -55.2007921  -52.66398788 -52.34455157 -55.34406852]
[-28.00815371 -54.6061435  -51.61244631 -51.3292832  -52.52166149
 -54.76156441 -57.95598917 -62.2349917  -58.51880906 -53.91396942
 -50.67903387 -48.44663308 -47.01331627 -45.93427442 -45.1153817
 -44.90364773 -44.5499029  -44.66706314 -45.23241559 -46.05905769
 -47.24406647 -49.73707686 -52.4019195  -56.79472248 -66.20177112
 -57.93501582 -52.14973058 -50.10360324 -23.35151069 -13.05272729
 -61.41755064         -inf -24.06884667 -28.30849308 -33.35405375
 -28.04395424 -50.83196924 -50.46585303 -49.68555624 -48.93619805
 -48.29189931 -47.39081296 -46.63976021 -46.2327889  -45.36614593
 -44.75309979 -44.37917063 -44.03122127 -43.85310417 -43.88605971
 -43.9430181  -44.5935512  -45.36833096 -46.55813999 -48.46911968
 -50.79288286 -54.32697844 -60.33108633 -69.36880314 -60.63719536
 -55.14909401 -52.78629015 -52.52778445 -55.53011628]
[-27.10411268 -27.10411268 -50.7930893  -50.38725308 -51.28891835
 -53.61656045 -57.16706269 -60.71950804 -57.85821433 -52.65662248
 -49.71988551 -47.34095266 -46.02588367 -45.02623711 -44.30866515
 -43.90014101 -43.58821987 -43.67719585 -44.39791317 -45.14638064
 -46.61539418 -49.07712184 -51.17112651 -55.61989555 -65.16034564
 -58.33122162 -52.37769303 -49.8578241  -22.4440782  -12.16364631
 -60.51350906         -inf -23.164805   -27.40445171 -32.45001253
 -27.139913   -49.00985401 -49.00460746 -48.67424524 -48.06511066
 -47.23632868 -46.41904657 -45.55128047 -45.28937101 -44.31873124
 -43.69928584 -43.32331648 -42.93886231 -42.71865316 -42.86320383
 -42.96126668 -43.55521125 -44.42828432 -45.37718353 -47.31034238
 -49.58441686 -53.15186931 -59.2803213  -68.28020286 -59.67310739
 -53.94081197 -51.82608801 -51.7231415  -54.34996202]
[-26.99904511 -53.53364642 -50.5706354  -50.52805743 -51.79498233
 -54.26024675 -58.48043229 -62.63639383 -56.78508234 -52.08375045
 -49.01951993 -46.90882125 -45.46244417 -44.50284144 -43.77219397
 -43.59567018 -43.34022013 -43.42869303 -44.07930269 -44.99922911
 -46.32114114 -48.71289049 -51.28250041 -55.60045169 -63.69676783
 -56.31911428 -50.84298713 -48.82851089 -22.34240169 -12.05857908
 -60.40844172         -inf -23.059738   -27.29938425 -32.34494514
 -27.03484549 -49.24878751 -49.19164764 -48.77808491 -47.93038406
 -47.14953393 -46.26268654 -45.36207272 -45.12964858 -44.15682348
 -43.51706959 -43.17872628 -42.78305084 -42.6469215  -42.73633479
 -42.85046489 -43.50156625 -44.31174765 -45.53064587 -47.60407138
 -50.09036451 -53.79179127 -60.95817217 -67.42980054 -58.14984924
 -53.2924595  -51.31565943 -51.05844863 -54.11495796]
[-28.00667078 -54.77085726 -51.83981565 -51.79489754 -53.22498427
 -55.77513691 -58.99645488 -60.5617085  -56.32858447 -52.43337909
 -52.43337909 -47.86838927 -46.44974025 -45.55456696 -44.9290376
 -44.96306699 -44.79613683 -44.96666211 -45.79627747 -46.83956565
 -48.26949391 -51.08227662 -53.95479824 -59.12106882 -66.00914416
 -55.84453876 -51.23920432 -49.50987859 -23.35002779 -13.05124374
 -61.4160675          -inf -24.06736349 -28.30700981 -33.35257101
 -28.04247135 -52.53905263 -51.35957815 -50.0408747  -48.99317633
 -48.20973207 -47.20894941 -46.35400284 -46.231081   -45.20028727
 -44.64798767 -44.28124289 -43.94998294 -43.87053665 -43.97214428
 -44.04764481 -44.80631413 -45.68512375 -47.08260444 -49.3172506
 -51.81777822 -55.68729182 -62.97259102 -64.0639276  -57.82076532
 -53.88768957 -52.03249269 -51.9805945  -55.17618412]
[-27.00262774 -53.52423777 -50.55401361 -50.48394728 -51.75050014
 -54.19140016 -57.1985999  -58.08324794 -54.85521809 -51.00626619
 -48.21369728 -46.4595856  -45.37312529 -44.52459007 -43.96761697
 -43.66463566 -43.55473802 -43.91331438 -44.49018452 -45.46806453
 -46.89391166 -49.81811145 -53.05403583 -58.46551944 -66.2175012
 -55.69970184 -50.67763359 -49.11377501 -22.34598469 -12.06216179
 -41.32717447         -inf -23.06332036 -27.30296667 -32.3485277
 -27.03842846 -53.71955222 -51.22898551 -49.0875129  -47.93180956
 -46.9734349  -46.03194211 -45.10474913 -44.57888254 -43.83661394
 -43.21714149 -42.84032996 -42.64167668 -42.43950449 -42.53050289
 -42.85758435 -43.6280453  -44.52814415 -45.65936224 -47.86246669
 -50.41998375 -54.2615775  -60.70562081 -62.00856163 -56.54377433
 -52.57066627 -50.82261251 -50.87213296 -53.89660135]
[-27.00220881 -53.74784013 -50.93368702 -50.76129238 -52.07566159
 -54.37982062 -57.37672327 -58.18718463 -54.7112725  -51.02104024
 -48.52305496 -46.68218667 -45.52874283 -44.59316389 -43.86029033
 -43.85267308 -43.51497078 -43.91645886 -44.499539   -45.44360604
 -46.79181545 -49.34568565 -52.55471926 -57.45625641 -67.79473767
 -56.92942732 -51.1635019  -49.68036263 -22.34556587 -12.06174294
 -41.32675507         -inf -23.06290144 -27.30254792 -32.34810871
 -27.03800945 -54.01122614 -51.13588543 -48.93030137 -47.73868472
 -46.95162117 -45.91777818 -45.1497778  -44.86113054 -43.82484951
 -43.19070236 -42.8944582  -42.79924488 -42.48652603 -42.55305229
 -42.8572628  -43.54243161 -44.37592255 -45.64575992 -47.49333927
 -49.99825667 -53.40048732 -58.79642643 -61.27148883 -57.02134395
 -53.14720467 -51.40752723 -51.27692048 -54.38676644]
[-28.00604402 -55.51899552 -52.6073532  -52.50082656 -53.53430757
 -55.99632174 -60.28605015 -65.26724548 -59.35595541 -54.0027141
 -50.76915618 -48.63979291 -47.27072551 -46.18751449 -45.36327268
 -45.02221377 -44.64346227 -44.79232452 -45.23066295 -46.0441621
 -47.19754996 -49.41010673 -52.11813391 -55.77450938 -64.57622762
 -59.69108432 -53.09671753 -50.86224619 -23.34940064 -13.05061642
 -51.87301557         -inf -24.06673634 -28.30638287 -33.35194362
 -28.04184405 -50.00962878 -50.06661165 -49.79441759 -49.03219464
 -48.40076896 -47.61056729 -46.75946795 -46.49047397 -45.64648162
 -44.96075439 -44.61359363 -44.29444006 -44.00689515 -44.00689515
 -44.29166343 -44.90539567 -45.65715417 -46.60915903 -48.32087497
 -50.57215677 -53.67191041 -58.46009114 -64.66102256 -62.25469395
 -56.27894366 -53.86897693 -53.6155879  -56.30101337]
[-28.00396921 -55.88266725 -52.8871548  -52.41639511 -53.82111574
 -56.27037649 -60.72885301 -65.27870576 -59.35916377 -54.11017338
 -51.07270775 -48.80073742 -47.2299566  -46.21601815 -45.42620724
 -45.19097041 -44.80047236 -44.86108898 -45.42439125 -46.20725625
 -47.35443463 -49.52533039 -51.95936799 -56.34069585 -65.5284605
 -59.53908128 -52.98299626 -50.8033232  -23.34393611 -13.04854249
 -61.41336611         -inf -24.06466205 -28.30430829 -33.34986974
 -28.03977044 -52.05841884 -51.24376161 -50.0394093  -49.52893604
 -48.80857321 -47.63986506 -46.87653115 -46.84676295 -45.66981739
 -45.12054251 -44.66812531 -44.37569919 -44.13803112 -44.267578
 -44.26098048 -44.95329272 -45.54676769 -46.86026951 -48.64163753
 -50.59765256 -53.85781812 -58.84875864 -63.6413183  -60.8370598
 -56.33311818 -53.75571323 -53.65728639 -56.51177126]
[-28.00637121 -55.61613206 -52.65089952 -52.61868086 -53.67000974
 -56.29350988 -60.03331884 -62.21787685 -57.83299307 -53.43311303
 -50.46754143 -48.46298337 -47.02193901 -45.96147651 -45.1702363
 -44.92078136 -44.59622094 -44.60162721 -45.27180911 -46.06826449
 -47.23513123 -49.45938524 -51.9709168  -56.14112728 -69.79784827
 -59.94023467 -53.21958142 -50.82481504 -23.34972801 -13.05094381
 -61.41576756         -inf -24.06706364 -28.30670973 -33.3522712
 -28.04217153 -51.68492894 -50.86250313 -49.80133828 -49.00851747
 -48.36534932 -47.57186502 -46.7571104  -46.39602642 -45.59437641
 -44.99811168 -44.56184402 -44.16332676 -43.98061987 -44.07339235
 -44.19256799 -44.77496731 -45.60120827 -46.58724609 -48.41446272
 -50.44774909 -53.21929995 -57.36694586 -59.6638767  -58.78152215
 -55.2093425  -53.36195228 -53.34104819 -56.26767096]
[-28.00687162 -55.59576519 -52.36220392 -52.40309859 -53.44789361
 -55.76068124 -59.12470924 -62.5781854  -59.00030123 -53.95813881
 -50.92758785 -48.7727117  -47.20223378 -46.07650236 -45.26793841
 -44.88862254 -44.5805649  -44.67223925 -45.2317014  -45.85900552
 -46.92997313 -49.08749222 -51.81972438 -55.82494389 -67.24095996
 -61.49059116 -53.94222445 -51.27459088 -23.35022861 -13.05144504
 -61.41626865         -inf -24.06756434 -28.30721105 -33.35277177
 -28.0426725  -50.15107191 -50.17683929 -49.88497095 -49.21853281
 -48.44295739 -47.71325527 -46.87254731 -46.61830438 -45.6241775
 -44.95897551 -44.55308377 -44.23020868 -44.04164565 -44.01745422
 -44.11623371 -44.71364143 -45.52026015 -45.52026015 -48.42119745
 -50.35846511 -53.18875367 -57.43262976 -59.76107084 -58.73501906
 -55.18325854 -53.35942505 -53.32934299 -56.19650326]
[-26.99676384 -53.9876038  -51.2536548  -51.01035244 -51.9866484
 -54.19345441 -57.63282203 -61.53254606 -57.7998981  -52.69861108
 -49.71614905 -47.51347457 -46.09958777 -44.95693056 -44.02919103
 -43.76756689 -43.22975954 -43.48389601 -43.87494839 -44.60425321
 -45.72110618 -47.70120028 -50.54839642 -54.35360478 -64.89740091
 -61.54045487 -52.97093636 -50.85817275 -22.3401206  -12.05629815
 -60.40616068         -inf -23.05745672 -27.29710316 -32.34266396
 -27.03256494 -53.71686947 -51.16666997 -49.05282667 -48.12705222
 -47.48464698 -46.54554297 -45.79179809 -45.45761834 -44.39743875
 -43.70161404 -43.31715309 -43.1885917  -42.79809231 -42.78765845
 -42.94081708 -43.55705303 -44.21822581 -45.32914022 -47.06576596
 -49.23406291 -51.96959351 -55.96967361 -58.34074147 -57.36390482
 -53.70144411 -51.97872144 -51.93342315 -54.66302153]
[-28.00800306 -55.31019487 -52.34396558 -52.06128407 -52.98322653
 -55.28396587 -59.03269945 -64.03997349 -59.81448193 -54.22207162
 -50.82203056 -48.64859853 -47.20104512 -46.0737277  -45.23700787
 -44.84007095 -44.4016309  -44.59531712 -44.9413112  -45.7379908
 -46.89355587 -49.29159293 -51.48479753 -55.18849305 -63.75474917
 -60.86810416 -53.67935426 -51.54189543 -23.35135934 -13.05257612
 -61.41739946         -inf -24.06869563 -28.30834182 -33.35390295
 -28.04380363 -52.43042508 -50.87502349 -49.32766538 -48.7059463
 -48.14484514 -47.43927184 -46.76771961 -46.40192454 -45.50303017
 -44.93150672 -44.56404477 -44.20871814 -43.85340382 -43.87321725
 -43.99392333 -44.47442239 -45.19308084 -46.11277291 -47.77340844
 -49.73579173 -52.43015708 -57.35222615 -61.73745232 -62.39120714
 -56.56903366 -54.09447299 -53.60415018 -56.20800543]
[-15.88965313 -43.36701937 -40.24481988 -40.02245324 -41.30207755
 -43.4688424  -47.33041998 -52.46862761 -47.27002757 -41.72654862
 -38.72072424 -36.48991548 -34.82315442 -33.82537614 -32.95095946
 -32.67657972 -32.30726126 -32.35350121 -32.83358406 -33.68015341
 -34.77672179 -36.78222826 -39.30536296 -42.81907275 -51.33643437
 -48.18439945 -41.21710985 -39.07742341 -11.23300951  -1.08890273
 -49.29904975         -inf -11.9503457  -16.18999237 -21.23555291
 -15.92545393 -37.51048142 -37.42493715 -37.12511021 -36.49791881
 -35.97662606 -35.24633832 -34.53040932 -34.22855567 -33.3277339
 -32.79324608 -32.45037487 -32.0389761  -31.84901414 -31.81752424
 -31.82697886 -32.35504909 -33.08369393 -34.20499944 -35.91421978
 -37.89924481 -40.61913012 -45.28985189 -50.55338786 -50.48772016
 -44.4034606  -41.93916232 -41.50743239 -44.19639504]
[-27.0004401  -54.07337676 -50.83592324 -50.65427908 -51.55522778
 -53.64859623 -57.17307632 -62.96887471 -58.44171219 -53.1488709
 -49.7353199  -47.46658472 -45.8782925  -44.78351085 -43.98886784
 -43.5688851  -43.16818814 -43.09104614 -43.76429347 -44.35645844
 -45.41751835 -47.62886291 -49.95041204 -53.58436727 -62.55360168
 -61.26681305 -52.83399902 -50.32632506 -22.34379674 -12.0599741
 -60.4098366          -inf -23.0611325  -27.30077902 -32.34634022
 -27.03624029 -49.75770875 -49.24849805 -48.36224653 -47.70577245
 -46.96713001 -46.20961582 -45.39419452 -45.32966306 -44.23628487
 -43.5096669  -43.20773336 -42.79099507 -42.52632096 -42.58798673
 -42.6473403  -43.25931023 -43.93667922 -44.91867019 -46.70457569
 -48.7295967  -51.65622073 -56.25586438 -62.35622858 -62.24803854
 -55.5421567  -52.93091134 -52.26304003 -55.05474154]
[-26.9986599  -54.47352458 -51.07781122 -50.92646254 -52.01302399
 -54.26398188 -58.0236627  -63.17006201 -58.67817939 -53.26558402
 -49.90405389 -47.6335845  -45.97904842 -44.79505909 -43.92340218
 -43.73972794 -43.32892597 -43.23112202 -43.80692717 -44.54296205
 -45.63079597 -47.38387548 -50.04783593 -53.65649371 -61.71866335
 -60.38663852 -52.72389223 -50.70233406 -22.34201695 -12.05819391
 -60.40805647         -inf -23.05935254 -27.29899882 -32.34455949
 -27.03446057 -48.96261439 -48.69467427 -48.21339004 -47.72303414
 -47.09422603 -46.36163581 -45.57033656 -45.33591372 -44.43207778
 -43.80266224 -43.44180979 -42.99437317 -42.78096221 -42.81762888
 -42.76000549 -43.33401276 -44.02203092 -45.11624124 -46.82665296
 -48.79957141 -51.52048098 -55.8824919  -62.6178936  -62.72050511
 -56.26499582 -53.30026978 -52.57550943 -55.37288959]
[-27.00260986 -54.62074692 -51.55070863 -51.41633822 -52.49676924
 -54.91295018 -58.96126594 -63.74521375 -57.73748227 -52.48244158
 -49.2331753  -47.20567134 -45.8167492  -44.74881423 -43.9700104
 -43.50189024 -43.14258274 -43.33204008 -43.73629154 -44.45494312
 -45.61418326 -48.15087787 -50.15181168 -53.83901757 -62.23606597
 -61.21284082 -53.09753375 -50.908872   -22.34596688 -12.06214423
 -41.32715656         -inf -23.06330273 -27.30294916 -32.34851005
 -27.03841068 -51.06863762 -49.61981894 -48.15615675 -47.48432896
 -46.90053727 -46.15850337 -45.40583006 -45.19915575 -44.26782892
 -43.68453604 -43.28169649 -43.05777012 -42.7315714  -42.71592219
 -42.93048151 -43.51856921 -44.19394628 -45.04910931 -46.89673649
 -48.88003809 -51.68449922 -56.67629188 -61.80438783 -61.95224981
 -55.82249484 -53.36155492 -52.8361691  -55.46003028]
[-26.9997724  -54.19995158 -51.36259218 -51.25566416 -52.61526034
 -55.52406843 -59.96005848 -62.51316577 -55.93628267 -51.51991661
 -48.68998479 -46.67624793 -45.41997589 -44.5097048  -43.93023005
 -43.59688372 -43.38876076 -43.55021634 -44.0614851  -44.96300137
 -46.21750288 -48.46537454 -51.27827169 -55.91071084 -68.0431839
 -58.18776701 -51.97499668 -49.72612819 -22.3431297  -12.05930688
 -60.40916934         -inf -23.06046527 -27.3001117  -32.34567267
 -27.03557295 -51.82465965 -50.32098007 -48.9068086  -47.93052724
 -46.99333669 -46.07069586 -45.15147114 -44.85457579 -43.78677456
 -43.20050356 -42.87678001 -42.57478878 -42.36183166 -42.4736645
 -42.65943115 -43.40597677 -44.2721341  -45.353654   -47.40882108
 -49.68599775 -53.03567198 -58.36488922 -61.52423191 -58.22928844
 -53.57918712 -51.63258682 -51.7277412  -54.69658302]
[-26.99741493 -54.48751551 -51.54052077 -51.63360312 -52.99158553
 -56.1889417  -60.75032606 -62.44801133 -56.09236915 -51.57767431
 -48.74663738 -46.87339762 -45.58519339 -44.57660448 -43.85493366
 -43.7570644  -43.42958823 -43.6688512  -44.17782317 -45.13227362
 -46.35380843 -48.74191977 -51.70989793 -56.32472709 -67.60807378
 -57.29991482 -51.31847472 -49.94531303 -22.34077216 -12.05694916
 -60.40681182         -inf -23.05810775 -27.29775408 -32.34331507
 -27.03321589 -50.98657984 -49.86137252 -48.71142225 -47.85530916
 -47.0272982  -46.12834515 -45.31477977 -45.22879473 -44.0756733
 -43.40439606 -43.09182744 -42.88511697 -42.6384977  -42.73298798
 -42.88928412 -43.56077177 -44.47840832 -45.67068632 -47.68126874
 -50.08513933 -53.31313294 -59.14815647 -63.14335672 -58.79071964
 -54.09407911 -51.98131535 -51.80924893 -54.98913977]
[-27.00298034 -54.22274664 -51.48295075 -51.3986749  -52.92767673
 -55.72025374 -59.96733164 -60.52842549 -55.27498779 -51.08881797
 -48.49524713 -46.6300135  -45.27079072 -44.31099059 -43.54618066
 -43.66749564 -43.28767573 -43.53510602 -44.16639332 -45.11137817
 -46.41498957 -48.48190282 -51.47481798 -55.90264307 -66.83948813
 -57.22381462 -51.18025106 -49.43165048 -22.34633739 -12.06251469
 -41.32752696         -inf -23.06367338 -27.30331966 -32.34888034
 -27.03878142 -52.80497136 -50.77760627 -48.77954457 -47.70629375
 -47.06780796 -45.95375717 -45.24451824 -44.86702272 -44.05611501
 -43.36426324 -43.06031094 -42.74249993 -42.5141027  -42.64323465
 -42.81871501 -43.42946311 -44.23677914 -45.59724458 -47.49482862
 -50.17809917 -53.46508334 -59.57022876 -64.06299703 -58.92986746
 -54.05869852 -51.90653382 -51.74695865 -54.74124866]
[-27.00035146 -54.25672955 -51.31334189 -51.48694048 -52.96582471
 -56.04262172 -59.57306183 -60.64810963 -55.0021381  -50.99342552
 -48.32022699 -46.53220772 -45.25242578 -44.34273088 -43.61805527
 -43.55190981 -43.23557672 -43.46899007 -44.05807051 -45.03467753
 -46.21502319 -46.21502319 -51.60012674 -55.97860846 -67.72949941
 -57.19227829 -51.29419282 -49.82752667 -22.34370859 -12.05988577
 -60.40974809         -inf -23.06104403 -27.30069047 -32.34625125
 -27.03615203 -50.51272079 -49.58304215 -48.57314025 -47.68080996
 -46.89901108 -45.94903987 -45.13410043 -44.96430681 -43.90925182
 -43.29541409 -42.95031971 -42.67674413 -42.52271291 -42.62575814
 -42.79536664 -43.47961874 -44.34208846 -45.55785072 -47.63247834
 -49.97464335 -53.41130949 -60.13350492 -63.79061443 -58.75962307
 -54.02219922 -52.03324415 -51.70339796 -54.96263492]
[-26.99912562 -54.31315659 -51.94687628 -51.58376027 -53.22859299
 -56.05703696 -60.6471639  -60.40613706 -55.10291128 -50.88759144
 -48.45148117 -46.49953087 -45.2097808  -44.24713648 -43.5479743
 -43.63363564 -43.26568142 -43.57934861 -44.05260404 -45.03571288
 -46.39897721 -48.7765087  -51.59332583 -56.25617949 -68.68951595
 -57.4103     -51.45558669 -49.72237943 -22.3390921  -12.05865994
 -60.40852227         -inf -23.05981831 -27.29946484 -32.34502562
 -27.03492606 -53.74887369 -50.84207185 -48.75053693 -47.60147023
 -46.94044357 -45.83655064 -45.1196548  -44.89897977 -43.81333392
 -43.45172555 -43.08090982 -42.72356742 -42.58311525 -42.7244216
 -42.8586745  -43.49199586 -44.26379728 -45.67101569 -47.73323875
 -50.19933131 -53.89138474 -59.06539059 -62.44802582 -58.28484465
 -54.07718022 -51.87138266 -51.69140234 -54.69622072]
[-27.00053257 -54.29532599 -51.47416432 -51.63601731 -53.00182227
 -56.22459815 -60.2287414  -60.91060024 -55.03641261 -50.86594372
 -48.2262153  -46.4384888  -45.28723131 -44.31462902 -43.67133924
 -43.39666506 -43.24823949 -43.46811011 -44.1716023  -44.82205126
 -46.15956287 -48.23672893 -51.34073042 -56.2392854  -66.96104869
 -57.4366317  -51.43921835 -49.29253216 -22.34388913 -12.0600667
 -50.86750444         -inf -23.06122521 -27.30087182 -32.3464328
 -27.0363336  -49.68897995 -49.40196394 -48.63396909 -47.7707007
 -46.83552736 -45.99897997 -45.12066181 -44.90424256 -43.94011109
 -43.30497098 -42.90205553 -42.67772964 -42.43857257 -42.62325554
 -42.90634854 -43.52213776 -44.54546038 -45.45274353 -47.53420249
 -50.05637443 -53.57478053 -59.67611146 -63.51780359 -58.18407919
 -53.66156007 -51.89665148 -51.88089036 -54.73270029]
[-27.00191809 -54.13379113 -51.36384614 -51.272749   -52.80211486
 -56.11743495 -61.45062659 -62.84043622 -55.79315165 -51.35899668
 -48.525476   -46.52986814 -45.18014472 -44.15078307 -43.55214294
 -43.39180586 -43.15972247 -43.33557102 -43.92454682 -44.80968696
 -46.01548218 -48.33373734 -51.07501206 -55.59780825 -67.80461573
 -57.88120874 -51.79154905 -49.53296226 -22.34527424 -12.06145185
 -60.41131441         -inf -23.06261017 -27.30225675 -32.34781758
 -27.03771854 -49.98674976 -49.41639887 -48.58346814 -47.65140526
 -46.918971   -46.01963591 -45.15112126 -44.87306335 -43.87404974
 -43.28482448 -42.81544282 -42.55075643 -42.3978519  -42.40133788
 -42.52428306 -43.14029493 -43.9841193  -45.18312619 -47.20021822
 -49.50507558 -52.70461895 -57.35198884 -62.00785162 -58.51916223
 -53.80669657 -51.79708896 -51.62115676 -54.68792851]
[-27.0006354  -53.97626458 -50.83930747 -50.93465499 -52.16946078
 -54.75595889 -59.47221728 -64.65138019 -57.37211988 -52.31245468
 -49.06445002 -47.01120598 -45.55410381 -44.50780848 -43.75201398
 -43.56300613 -43.30969154 -43.26809682 -44.00170624 -44.76452601
 -45.94560521 -48.21362288 -50.73008492 -54.80176894 -66.1000089
 -59.09461651 -51.96314314 -50.01455471 -22.34399254 -12.06016941
 -60.41003218         -inf -23.06132806 -27.30097469 -32.34653528
 -27.03643621 -52.42813673 -50.23332108 -48.33539678 -47.5742018
 -46.79334142 -46.0935679  -45.1560246  -44.97467165 -44.06681783
 -43.37465717 -43.14257191 -42.6011093  -42.46852806 -42.60388087
 -42.64005234 -43.32029398 -44.11178382 -45.01912097 -47.05374695
 -47.05374695 -52.3476358  -57.03144385 -61.69561998 -59.08093126
 -54.13907282 -51.75880157 -51.65087471 -54.65166159]
[-27.00997346 -54.281483   -51.57671688 -51.62455705 -53.02959726
 -56.18417142 -62.94034957 -64.38857675 -55.96155734 -51.23450759
 -48.31219027 -46.3440728  -44.98605692 -43.94700669 -43.22156524
 -42.97677903 -42.62648733 -42.82143291 -43.23156245 -44.12843845
 -45.26971014 -47.39962991 -50.19514946 -54.21554853 -64.76399881
 -60.7928239  -52.41424939 -50.4733009  -22.35332991 -12.06950749
 -41.33451951         -inf -23.070666   -27.31031244 -32.35587338
 -27.04577394 -52.23834867 -50.02648294 -48.05412321 -47.17509313
 -46.5924008  -45.68794986 -45.00840291 -44.70280199 -43.69974499
 -43.01959058 -42.77589993 -42.54896227 -42.23544837 -42.25196997
 -42.42329758 -43.00009364 -43.76183264 -44.82210173 -46.5741766
 -48.8847011  -48.8847011  -56.85230634 -61.34928393 -59.60526058
 -54.58390377 -52.30326499 -52.06545996 -54.99834937]
[-27.00446918 -54.68197285 -51.59908735 -51.88229788 -53.37419624
 -56.48523075 -63.07149037 -65.01152428 -56.14491079 -51.30243884
 -48.33512205 -46.44242517 -44.97194298 -44.01042709 -43.24948639
 -43.08907902 -42.72665769 -42.84879738 -43.37912017 -44.23951442
 -45.41771953 -47.82486033 -49.96188767 -53.73965516 -63.82253425
 -60.61958673 -52.43433369 -50.36229846 -22.3478255  -12.06400298
 -50.87144089         -inf -23.06516157 -27.3048079  -32.35036873
 -27.0402694  -48.99688839 -48.4812162  -47.80360504 -47.18256876
 -46.57084884 -45.79423883 -45.06347671 -44.68962837 -44.03501575
 -43.38529474 -43.0910869  -42.74157733 -42.47851878 -42.52128445
 -42.57337508 -43.20264474 -43.92333161 -44.97315472 -46.80520481
 -48.81870691 -51.75450598 -56.72868587 -61.41028755 -60.36615065
 -55.24362772 -52.83594411 -52.4034192  -55.39903406]
[-27.00152977 -54.42425522 -51.76237236 -51.96562969 -53.63323327
 -56.92292652 -65.86567823 -64.29372953 -55.64307286 -50.93635669
 -48.27518796 -46.29660158 -45.03967883 -44.01111786 -43.26803421
 -43.0791711  -42.73347676 -43.01129193 -43.49409293 -44.3794126
 -45.5899457  -48.0498484  -50.70679219 -55.06302081 -69.28153622
 -58.80745929 -51.94875184 -49.50288095 -22.34488683 -12.06106391
 -60.41092638         -inf -23.06222229 -27.30186853 -32.34742968
 -27.03733006 -50.0618456  -49.41963802 -48.41365202 -47.53006264
 -46.85342232 -46.05375135 -45.33166604 -45.08870598 -44.12289137
 -43.53843942 -43.14675449 -42.89766829 -42.58380528 -42.69511176
 -42.9233838  -43.49653551 -44.32583169 -45.35736464 -47.2023744
 -49.59899279 -52.5661708  -57.39307871 -60.68895223 -58.00210793
 -53.83041641 -52.09982252 -52.05480995 -54.97964712]
[-27.00619615 -54.39260795 -51.74311498 -52.18680272 -53.75966365
 -57.57048714 -64.77755595 -62.02247918 -54.49188974 -50.27881826
 -47.55783912 -45.82239701 -44.57850842 -43.62314558 -42.9116071
 -42.6940407  -42.43545299 -42.62316405 -43.20048474 -44.10255627
 -45.30743236 -47.43508259 -50.29572688 -54.314629   -63.14020782
 -57.93910797 -51.58874681 -49.52480766 -22.34955305 -12.06573056
 -60.41559286         -inf -23.06688886 -27.30653517 -32.3520962
 -27.04199694 -51.26531034 -49.70635733 -48.09508848 -47.26398782
 -46.59434927 -45.72714232 -44.95326108 -44.64824204 -43.73463825
 -43.16883492 -42.84501133 -42.59377789 -42.35879082 -42.40897479
 -42.69310453 -43.3880153  -44.16011215 -45.27946184 -47.27543382
 -49.45445209 -52.47886035 -56.34200764 -57.70456524 -55.81035479
 -52.83568121 -51.28624947 -51.46974693 -54.74999802]
[-27.0083039  -54.32428909 -51.77675148 -51.9789683  -53.8506089
 -57.79735139 -65.38186796 -60.9177762  -53.99068635 -49.93032238
 -47.50451327 -45.66596997 -44.43376873 -43.44865037 -42.69876496
 -42.62246105 -42.32124008 -42.57306248 -43.11162317 -43.95937028
 -45.24564913 -47.47701994 -49.88987719 -53.75530688 -61.42079608
 -57.89470593 -51.85952553 -49.36124727 -22.35166015 -12.06783772
 -60.41770025         -inf -23.06899647 -27.30864253 -32.35420382
 -27.04410427 -48.73278224 -48.73249452 -48.34768677 -47.38097363
 -46.63297336 -45.64011259 -44.88835185 -44.75387459 -43.57166034
 -43.03348624 -42.69507785 -42.38775509 -42.24399908 -42.32945738
 -42.527376   -43.15749189 -44.0418293  -45.37162095 -47.20307519
 -49.5960155  -52.61586896 -56.30867222 -57.62118897 -55.69678819
 -52.64038676 -51.25046269 -51.35099793 -54.62895601]
[-27.00209251 -54.59480458 -51.91766574 -52.38648314 -54.15462779
 -58.11071289 -65.81258985 -60.88576643 -54.24787785 -50.27533173
 -47.66222173 -45.93113246 -44.72579155 -43.83980769 -43.16846584
 -43.07100634 -42.76978467 -43.04312511 -43.67068108 -44.64910796
 -45.91520462 -48.62854342 -51.31273369 -55.94684409 -73.76472994
 -58.38446085 -51.60909103 -49.38557029 -22.34544973 -12.06162693
 -60.41148934         -inf -23.06278519 -27.30243177 -32.34799279
 -27.03789328 -48.72637346 -48.63214934 -48.25227715 -47.3593773
 -46.72803489 -45.84446983 -45.00129316 -44.80999331 -43.8891295
 -43.30188719 -43.01934294 -42.75259119 -42.57438201 -42.69133087
 -42.90979306 -43.65805102 -44.55663444 -45.77847896 -47.91549009
 -50.53448536 -53.91930781 -59.97938255 -61.99197663 -57.54715177
 -53.42295548 -51.68568753 -51.6189159  -54.95976546]
[-27.00014277 -55.10392824 -52.23589882 -52.72537502 -54.68140139
 -58.43333535 -67.73358268 -62.07865379 -54.89541477 -50.67782624
 -48.04063408 -46.26509997 -44.98091741 -44.03924729 -43.38577906
 -43.24779349 -43.068983   -43.19771393 -43.91508178 -44.74299553
 -45.96373782 -48.27457905 -51.16149861 -55.86978651 -72.65924072
 -57.82251981 -51.61864655 -49.29470451 -22.34349923 -12.05967668
 -60.40953927         -inf -23.0608351  -27.30048154 -32.34604284
 -27.03594338 -48.63872426 -48.43328505 -47.92160455 -47.14587823
 -46.57914548 -45.79700905 -45.09917297 -44.80850334 -44.07033856
 -43.45383239 -43.21760065 -42.84012199 -42.75289985 -42.92625813
 -43.04833261 -43.76594231 -44.62642593 -45.80879199 -48.00466558
 -50.39530188 -53.8356751  -59.23744143 -62.83912481 -58.56739577
 -53.95863334 -52.09953069 -52.09816162 -55.37495423]
[-27.00059886 -54.91991487 -52.20197943 -52.58199152 -54.09596177
 -57.92991588 -66.04044558 -63.21729796 -55.45878211 -50.90932831
 -48.16375886 -46.35698173 -45.19102671 -44.22718404 -43.56948258
 -43.24800012 -42.9590302  -43.30623494 -43.74673914 -44.60361596
 -45.86314689 -48.60518    -51.26936219 -55.73915958 -69.69862188
 -58.71604109 -51.86247363 -49.6414833  -22.34395609 -12.06013319
 -60.40999561         -inf -23.06129181 -27.3009381  -32.3464992
 -27.03639966 -48.9968071  -48.56665515 -47.82177859 -47.09339718
 -46.50402307 -45.72570771 -44.99751208 -44.80338709 -43.91420164
 -43.32461668 -43.06669691 -42.8843861  -42.57410956 -42.71098821
 -43.03067849 -43.67616609 -44.59563789 -45.58656976 -47.5578052
 -50.10062305 -53.53884885 -59.12641616 -63.56420228 -59.14321498
 -54.37319046 -52.3871619  -52.32574764 -55.25849795]
[-27.00092304 -55.38972764 -52.34688833 -52.67977814 -54.08391557
 -57.9005417  -63.92129053 -62.17666927 -55.18291053 -50.90537177
 -48.02236008 -46.19834449 -45.02401491 -44.14542613 -43.48443842
 -43.1490252  -43.02513742 -43.1672706  -43.78286766 -44.61498139
 -45.8658441  -48.35423485 -51.2308335  -55.66453963 -69.10470454
 -58.43663881 -51.93389101 -50.34128947 -22.34427989 -12.06045674
 -60.41031946         -inf -23.06161534 -27.30126185 -32.34682277
 -27.03672365 -49.32715876 -48.56415341 -47.70376715 -47.08983293
 -46.33186042 -45.73767528 -44.93664541 -44.62571507 -43.86369824
 -43.31552274 -43.15122715 -42.77003867 -42.6450863  -42.81841983
 -43.03343644 -43.71843847 -44.59479463 -45.46696269 -47.53794304
 -49.72392769 -52.92907353 -57.86204399 -62.70789561 -60.35212981
 -54.96101394 -52.84988778 -52.75202983 -55.82495498]
[-27.00428127 -55.35099339 -52.3858742  -52.83677479 -54.77564119
 -58.93569265 -63.7468847  -59.15859522 -53.71984436 -50.01476582
 -47.44725617 -45.76590674 -44.56830655 -43.6898016  -43.2229996
 -42.92551171 -42.89701889 -42.90473117 -43.79398436 -44.70184565
 -46.00091379 -48.39925005 -50.91309973 -55.30464244 -69.92862263
 -58.32394368 -51.97771921 -50.12169341 -22.34763809 -12.06381558
 -60.41367793         -inf -23.06497411 -27.30462036 -32.35018138
 -27.04008187 -49.62575524 -48.6407655  -47.65878456 -46.92718552
 -46.09970636 -45.40991195 -44.52925786 -44.65868064 -43.69969865
 -43.1630793  -42.85883273 -42.41873716 -42.41083682 -42.59331656
 -42.72622569 -43.41015288 -44.32774767 -45.33382558 -47.44362973
 -49.54625288 -52.60881367 -56.79561568 -60.14614955 -58.45499873
 -54.27121389 -52.44631921 -52.38854605 -55.81762938]
[-27.00377283 -55.62810704 -52.79602513 -53.16312505 -55.31051497
 -59.69617354 -65.73591788 -60.76817474 -54.08929843 -50.30321624
 -48.02631151 -46.23247217 -44.99581757 -44.14414978 -43.47081929
 -43.47322107 -43.30500617 -43.45663448 -44.10375867 -45.11321058
 -46.46398617 -48.76903096 -51.67398752 -56.28524676 -70.41688209
 -58.13006361 -51.6512266  -49.37496128 -22.34712932 -12.06330671
 -41.32831966         -inf -23.06446561 -27.30411162 -32.34967256
 -27.03957367 -48.47000122 -48.14425149 -47.64900868 -46.82760781
 -46.29246631 -45.42654765 -44.89588145 -44.60109173 -43.94740449
 -43.48633065 -43.22001635 -42.92213487 -42.79378658 -42.92296164
 -43.02670948 -43.70686792 -44.48767101 -45.81050241 -47.79361795
 -50.00324487 -52.94861981 -57.31860419 -59.57648325 -58.320815
 -54.50208814 -52.63585563 -52.63585563 -55.71017166]
csi_data.timestamps:
1725224335.642488
1725224335.907552
1725224335.922361
1725224335.922554
1725224336.025875
1725224336.034927
1725224336.118916
1725224336.128184
1725224336.136349
1725224336.171103
1725224336.417268
1725224336.472738
1725224336.521444
1725224336.538529
1725224336.554066
1725224336.608203
1725224336.682035
1725224336.723495
1725224336.930109
1725224337.046185
1725224337.051373
1725224337.09944
1725224337.121647
1725224337.155566
1725224337.199396
1725224337.229322
1725224337.295753
1725224337.400572
1725224337.423045
1725224337.495262
1725224337.526034
1725224337.547202
1725224337.624849
1725224337.63914
1725224337.659312
1725224337.665591
1725224337.672394
1725224337.739755
1725224338.039151
1725224338.078758
1725224338.204743
1725224338.532328
1725224338.545592
1725224338.626881
1725224338.70172
1725224338.725341
1725224338.946051
1725224339.130373
1725224339.218286
1725224339.253982
1725224339.300522
1725224339.536387
1725224339.56216
1725224339.637002
1725224339.649713
1725224339.731058
1725224339.755423
1725224340.056687
1725224340.138995
1725224340.19944
1725224340.228427
1725224340.301934
1725224340.403429
1725224340.482155
1725224340.653491
1725224340.664593
1725224340.675123
1725224341.097093
1725224341.162103
1725224341.252821
